[
  -0.003265380859375,
  0.0556962788105011,
  0.19644764065742493,
  0.23139134049415588,
  0.21732230484485626,
  0.19443342089653015,
  0.17282631993293762,
  0.1592455804347992,
  0.14804528653621674,
  0.143375962972641,
  0.13803522288799286,
  0.13742484152317047,
  0.1343729943037033,
  0.1353801041841507,
  0.13296914100646973,
  0.1347697377204895,
  0.13202306628227234,
  0.1351969987154007,
  0.12933744490146637,
  0.1426129937171936,
  -0.01654052734375,
  -0.47589111328125,
  -0.643157958984375,
  -0.597320556640625,
  -0.525726318359375,
  -0.451019287109375,
  -0.403289794921875,
  -0.366058349609375,
  -0.346923828125,
  -0.331451416015625,
  -0.325286865234375,
  -0.31903076171875,
  -0.31744384765625,
  -0.31494140625,
  -0.314453125,
  -0.313720703125,
  -0.312957763671875,
  -0.313507080078125,
  -0.31158447265625,
  -0.31365966796875,
  -0.30938720703125,
  -0.313507080078125,
  -0.304168701171875,
  -0.25762939453125,
  0.20374156534671783,
  0.461287260055542,
  0.43278297781944275,
  0.36921292543411255,
  0.2841578423976898,
  0.23615223169326782,
  0.1907712072134018,
  0.17285683751106262,
  0.15225684642791748,
  0.14835047721862793,
  0.13858455419540405,
  0.13950011134147644,
  0.1341898888349533,
  0.13614307343959808,
  0.13312174379825592,
  0.1344950646162033,
  0.13339640200138092,
  0.13281655311584473,
  0.1351664811372757,
  0.1277810037136078,
  0.14807580411434174,
  -0.05804443359375,
  -0.51153564453125,
  -0.6392822265625,
  -0.595458984375,
  -0.51446533203125,
  -0.448944091796875,
  -0.3961181640625,
  -0.366455078125,
  -0.342559814453125,
  -0.33294677734375,
  -0.32232666015625,
  -0.32073974609375,
  -0.31524658203125,
  -0.31640625,
  -0.312744140625,
  -0.314788818359375,
  -0.311614990234375,
  -0.314056396484375,
  -0.310333251953125,
  -0.3138427734375,
  -0.30584716796875,
  -0.318817138671875,
  -0.1634521484375,
  0.2938322126865387,
  0.4696798622608185,
  0.4198431372642517,
  0.34766685962677,
  0.2710959315299988,
  0.22357860207557678,
  0.18564409017562866,
  0.1669972836971283,
  0.1510971337556839,
  0.14554277062416077,
  0.13885921239852905,
  0.13794367015361786,
  0.1348002552986145,
  0.1352275162935257,
  0.13364055752754211,
  0.13400676846504211,
  0.13364055752754211,
  0.13284707069396973,
  0.1347697377204895,
  0.12900173664093018,
  0.14539018273353577,
  0.00030518509447574615,
  -0.455230712890625,
  -0.641387939453125,
  -0.60198974609375,
  -0.528900146484375,
  -0.45538330078125,
  -0.404510498046875,
  -0.368499755859375,
  -0.3468017578125,
  -0.33282470703125,
  -0.324737548828125,
  -0.319915771484375,
  -0.316802978515625,
  -0.315460205078125,
  -0.3138427734375,
  -0.31402587890625,
  -0.312347412109375,
  -0.313629150390625,
  -0.310546875,
  -0.314117431640625,
  -0.304840087890625,
  -0.322265625,
  -0.17401123046875,
  0.28177741169929504,
  0.4672078490257263,
  0.42393261194229126,
  0.3488875925540924,
  0.27463605999946594,
  0.22376170754432678,
  0.18778039515018463,
  0.1664784699678421,
  0.15250098705291748,
  0.14484085142612457,
  0.13977476954460144,
  0.13730277121067047,
  0.1354716569185257,
  0.1347087025642395,
  0.1340983361005783,
  0.13376262784004211,
  0.13373211026191711,
  0.13296914100646973,
  0.1342814415693283,
  0.13016144931316376,
  0.1424909234046936,
  0.0397351011633873,
  -0.40423583984375,
  -0.64031982421875,
  -0.607147216796875,
  -0.540283203125,
  -0.461151123046875,
  -0.41119384765625,
  -0.370574951171875,
  -0.350128173828125,
  -0.3330078125,
  -0.326507568359375,
  -0.31939697265625,
  -0.317962646484375,
  -0.314788818359375,
  -0.314727783203125,
  -0.313323974609375,
  -0.3131103515625,
  -0.31292724609375,
  -0.31134033203125,
  -0.3133544921875,
  -0.30609130859375,
  -0.320465087890625,
  -0.206298828125,
  0.24387340247631073,
  0.46537676453590393,
  0.4296090602874756,
  0.3568224012851715,
  0.28006836771965027,
  0.22818689048290253,
  0.1900387555360794,
  0.16846217215061188,
  0.15311136841773987,
  0.14578692615032196,
  0.13974425196647644,
  0.13791313767433167,
  0.1351359635591507,
  0.1352885514497757,
  0.13354900479316711,
  0.1344035118818283,
  0.13299965858459473,
  0.13388469815254211,
  0.13318277895450592,
  0.13183996081352234,
  0.13919492065906525,
  0.06915494054555893,
  -0.356964111328125,
  -0.6351318359375,
  -0.612579345703125,
  -0.549041748046875,
  -0.467529296875,
  -0.416229248046875,
  -0.373504638671875,
  -0.3521728515625,
  -0.334136962890625,
  -0.3272705078125,
  -0.319793701171875,
  -0.3182373046875,
  -0.314910888671875,
  -0.31488037109375,
  -0.31329345703125,
  -0.31329345703125,
  -0.312774658203125,
  -0.311737060546875,
  -0.3128662109375,
  -0.307403564453125,
  -0.31781005859375,
  -0.236083984375,
  0.1993163824081421,
  0.4615924656391144,
  0.4348582327365875,
  0.3658559024333954,
  0.2856532633304596,
  0.23352763056755066,
  0.19217506051063538,
  0.17105624079704285,
  0.15347757935523987,
  0.14716024696826935,
  0.13940855860710144,
  0.13882869482040405,
  0.1345561146736145,
  0.13608203828334808,
  0.13284707069396973,
  0.1352275162935257,
  0.13217566907405853,
  0.1348612904548645,
  0.13202306628227234,
  0.13357952237129211,
  0.1358073651790619,
  0.09283730387687683,
  -0.309051513671875,
  -0.626373291015625,
  -0.6180419921875,
  -0.557037353515625,
  -0.474365234375,
  -0.42095947265625,
  -0.37677001953125,
  -0.35406494140625,
  -0.33544921875,
  -0.327880859375,
  -0.3203125,
  -0.31842041015625,
  -0.315093994140625,
  -0.31500244140625,
  -0.31329345703125,
  -0.3134765625,
  -0.31256103515625,
  -0.312225341796875,
  -0.31219482421875,
  -0.3089599609375,
  -0.3145751953125,
  -0.261444091796875,
  0.1520737260580063,
  0.4544816315174103,
  0.44019898772239685,
  0.3745841979980469,
  0.2918179929256439,
  0.2387768179178238,
  0.19479964673519135,
  0.17340616881847382,
  0.15421003103256226,
  0.14828944206237793,
  0.13940855860710144,
  0.13950011134147644,
  0.1343119591474533,
  0.13657033443450928,
  0.13248084485530853,
  0.1357158124446869,
  0.13168737292289734,
  0.1354716569185257,
  0.13122959434986115,
  0.1348612904548645,
  0.13287758827209473,
  0.1114230751991272,
  -0.259857177734375,
  -0.613983154296875,
  -0.62322998046875,
  -0.564788818359375,
  -0.4814453125,
  -0.42584228515625,
  -0.380126953125,
  -0.356109619140625,
  -0.336700439453125,
  -0.32867431640625,
  -0.320709228515625,
  -0.31878662109375,
  -0.31512451171875,
  -0.31524658203125,
  -0.3131103515625,
  -0.3138427734375,
  -0.31219482421875,
  -0.312835693359375,
  -0.311370849609375,
  -0.3106689453125,
  -0.31121826171875,
  -0.2821044921875,
  0.1033661887049675,
  0.443556010723114,
  0.4456312656402588,
  0.382824182510376,
  0.29862362146377563,
  0.24384288489818573,
  0.1978820115327835,
  0.17557299137115479,
  0.15533921122550964,
  0.14914394915103912,
  0.13971373438835144,
  0.13983580470085144,
  0.1343119591474533,
  0.13675343990325928,
  0.13238929212093353,
  0.1358684003353119,
  0.13153477013111115,
  0.1357463300228119,
  0.13080233335494995,
  0.1357463300228119,
  0.13055817782878876,
  0.12540055811405182,
  -0.210357666015625,
  -0.597412109375,
  -0.628204345703125,
  -0.5721435546875,
  -0.488922119140625,
  -0.43072509765625,
  -0.383758544921875,
  -0.358154296875,
  -0.338165283203125,
  -0.329437255859375,
  -0.321197509765625,
  -0.319091796875,
  -0.31524658203125,
  -0.315460205078125,
  -0.313018798828125,
  -0.314117431640625,
  -0.3118896484375,
  -0.313385009765625,
  -0.3106689453125,
  -0.312225341796875,
  -0.3082275390625,
  -0.298187255859375,
  0.05395672470331192,
  0.4285103976726532,
  0.4508804678916931,
  0.3906369209289551,
  0.30588701367378235,
  0.24887844920158386,
  0.20133060216903687,
  0.17764824628829956,
  0.15665151178836823,
  0.1498764008283615,
  0.14020203053951263,
  0.14007996022701263,
  0.1344950646162033,
  0.13681447505950928,
  0.13248084485530853,
  0.1358989179134369,
  0.13153477013111115,
  0.1358073651790619,
  0.13064974546432495,
  0.13632617890834808,
  0.12891018390655518,
  0.1352580338716507,
  -0.16162109375,
  -0.57623291015625,
  -0.632904052734375,
  -0.578948974609375,
  -0.496917724609375,
  -0.435577392578125,
  -0.387786865234375,
  -0.360137939453125,
  -0.33978271484375,
  -0.330078125,
  -0.32183837890625,
  -0.319244384765625,
  -0.315460205078125,
  -0.3155517578125,
  -0.313079833984375,
  -0.314239501953125,
  -0.311767578125,
  -0.313751220703125,
  -0.310150146484375,
  -0.313385009765625,
  -0.305938720703125,
  -0.309814453125,
  0.004791405983269215,
  0.40910062193870544,
  0.45582446455955505,
  0.3980529308319092,
  0.31360819935798645,
  0.2538529634475708,
  0.20511490106582642,
  0.17969298362731934,
  0.1581774353981018,
  0.1505478024482727,
  0.14084291458129883,
  0.14020203053951263,
  0.1348307728767395,
  0.13675343990325928,
  0.13269448280334473,
  0.1357463300228119,
  0.13174840807914734,
  0.1356852948665619,
  0.13074129819869995,
  0.13647878170013428,
  0.1279946267604828,
  0.14145329594612122,
  -0.114532470703125,
  -0.55035400390625,
  -0.63702392578125,
  -0.585296630859375,
  -0.50531005859375,
  -0.4404296875,
  -0.392059326171875,
  -0.362060546875,
  -0.34161376953125,
  -0.3306884765625,
  -0.322601318359375,
  -0.319366455078125,
  -0.315826416015625,
  -0.3155517578125,
  -0.313232421875,
  -0.31427001953125,
  -0.311767578125,
  -0.31396484375,
  -0.309906005859375,
  -0.314208984375,
  -0.304412841796875,
  -0.317535400390625,
  -0.043121337890625,
  0.38505202531814575,
  0.4602496325969696,
  0.4050111472606659,
  0.32175663113594055,
  0.25885799527168274,
  0.20923490822315216,
  0.1816461682319641,
  0.15994751453399658,
  0.1510666161775589,
  0.14166691899299622,
  0.14017151296138763,
  0.1353190690279007,
  0.13653981685638428,
  0.13312174379825592,
  0.1354106217622757,
  0.13214515149593353,
  0.1353190690279007,
  0.13113804161548615,
  0.13626514375209808,
  0.1278115212917328,
  0.14462721347808838,
  -0.069976806640625,
  -0.519805908203125,
  -0.640289306640625,
  -0.59124755859375,
  -0.513946533203125,
  -0.44537353515625,
  -0.396636962890625,
  -0.36407470703125,
  -0.343597412109375,
  -0.331268310546875,
  -0.323455810546875,
  -0.3194580078125,
  -0.31622314453125,
  -0.315460205078125,
  -0.313446044921875,
  -0.314208984375,
  -0.3118896484375,
  -0.31396484375,
  -0.30987548828125,
  -0.314605712890625,
  -0.3037109375,
  -0.3218994140625,
  -0.088897705078125,
  0.3563036024570465,
  0.46385082602500916,
  0.4115420877933502,
  0.33030182123184204,
  0.2638325095176697,
  0.2137211263179779,
  0.1835688352584839,
  0.16196173429489136,
  0.1514938771724701,
  0.1426435112953186,
  0.14004944264888763,
  0.1359599530696869,
  0.13617359101772308,
  0.13364055752754211,
  0.1349528431892395,
  0.13269448280334473,
  0.1347697377204895,
  0.13171789050102234,
  0.1356852948665619,
  0.12829981744289398,
  0.14529862999916077,
  -0.02874755859375,
  -0.4847412109375,
  -0.642181396484375,
  -0.59686279296875,
  -0.52276611328125,
  -0.45050048828125,
  -0.4013671875,
  -0.3662109375,
  -0.345672607421875,
  -0.331878662109375,
  -0.324371337890625,
  -0.31951904296875,
  -0.316680908203125,
  -0.31536865234375,
  -0.313720703125,
  -0.314056396484375,
  -0.312103271484375,
  -0.3138427734375,
  -0.310089111328125,
  -0.31463623046875,
  -0.30377197265625,
  -0.323486328125,
  -0.131683349609375,
  0.3230079114437103,
  0.46626177430152893,
  0.41770684719085693,
  0.33912166953086853,
  0.2689290940761566,
  0.21845148503780365,
  0.18549150228500366,
  0.16412854194641113,
  0.1518906205892563,
  0.143742173910141,
  0.13983580470085144,
  0.13669240474700928,
  0.1357463300228119,
  0.1342509239912033,
  0.1344035118818283,
  0.13333536684513092,
  0.1341288536787033,
  0.13248084485530853,
  0.1348612904548645,
  0.12927640974521637,
  0.14419995248317719,
  0.008514664135873318,
  -0.445526123046875,
  -0.64227294921875,
  -0.602264404296875,
  -0.531646728515625,
  -0.455902099609375,
  -0.406219482421875,
  -0.36846923828125,
  -0.3477783203125,
  -0.33258056640625,
  -0.325286865234375,
  -0.319580078125,
  -0.317169189453125,
  -0.31524658203125,
  -0.314056396484375,
  -0.3138427734375,
  -0.31243896484375,
  -0.3135986328125,
  -0.31048583984375,
  -0.314300537109375,
  -0.30450439453125,
  -0.32293701171875,
  -0.17083740234375,
  0.2854090929031372,
  0.4670247435569763,
  0.42359691858291626,
  0.348063588142395,
  0.27420881390571594,
  0.2233649641275406,
  0.18753623962402344,
  0.1663869172334671,
  0.15231788158416748,
  0.14490188658237457,
  0.13962218165397644,
  0.13742484152317047,
  0.1352885514497757,
  0.1349223256111145,
  0.13382366299629211,
  0.13400676846504211,
  0.13342691957950592,
  0.13330484926700592,
  0.13391521573066711,
  0.13061922788619995,
  0.1418805569410324,
  0.04138309881091118,
  -0.402679443359375,
  -0.640045166015625,
  -0.607574462890625,
  -0.540374755859375,
  -0.46160888671875,
  -0.4111328125,
  -0.370941162109375,
  -0.34991455078125,
  -0.3333740234375,
  -0.32623291015625,
  -0.319732666015625,
  -0.317626953125,
  -0.31512451171875,
  -0.314422607421875,
  -0.313629150390625,
  -0.31280517578125,
  -0.313262939453125,
  -0.311004638671875,
  -0.313720703125,
  -0.305755615234375,
  -0.32086181640625,
  -0.205718994140625,
  0.24396497011184692,
  0.46568194031715393,
  0.4292733669281006,
  0.3570360541343689,
  0.2797326445579529,
  0.22843104600906372,
  0.1897335797548294,
  0.16870632767677307,
  0.15280617773532867,
  0.14606158435344696,
  0.13946959376335144,
  0.13815729320049286,
  0.1348612904548645,
  0.1355327069759369,
  0.13330484926700592,
  0.1346476674079895,
  0.13275551795959473,
  0.1341288536787033,
  0.13290810585021973,
  0.13208411633968353,
  0.13895078003406525,
  0.06952116638422012,
  -0.356903076171875,
  -0.63494873046875,
  -0.61279296875,
  -0.548919677734375,
  -0.467742919921875,
  -0.41607666015625,
  -0.3736572265625,
  -0.35205078125,
  -0.33428955078125,
  -0.327117919921875,
  -0.319915771484375,
  -0.318084716796875,
  -0.315032958984375,
  -0.31475830078125,
  -0.313385009765625,
  -0.31317138671875,
  -0.3128662109375,
  -0.3116455078125,
  -0.312957763671875,
  -0.30731201171875,
  -0.31787109375,
  -0.235992431640625,
  0.1993163824081421,
  0.4616535007953644,
  0.4347971975803375,
  0.3658864200115204,
  0.2855921983718872,
  0.23355814814567566,
  0.19214454293251038,
  0.17105624079704285,
  0.15347757935523987,
  0.14719076454639435,
  0.13940855860710144,
  0.13885921239852905,
  0.1345561146736145,
  0.13608203828334808,
  0.13284707069396973,
  0.1352275162935257,
  0.13217566907405853,
  0.1348612904548645,
  0.13202306628227234,
  0.13354900479316711,
  0.1358073651790619,
  0.09283730387687683,
  -0.3089599609375,
  -0.626434326171875,
  -0.618011474609375,
  -0.557098388671875,
  -0.47430419921875,
  -0.4210205078125,
  -0.376739501953125,
  -0.3541259765625,
  -0.33538818359375,
  -0.32794189453125,
  -0.320220947265625,
  -0.3184814453125,
  -0.31500244140625,
  -0.3150634765625,
  -0.313232421875,
  -0.313568115234375,
  -0.3125,
  -0.312286376953125,
  -0.3121337890625,
  -0.30902099609375,
  -0.31451416015625,
  -0.261474609375,
  0.15216529369354248,
  0.4544205963611603,
  0.44026002287864685,
  0.3745231628417969,
  0.2918790280818939,
  0.2387157827615738,
  0.19486068189144135,
  0.17334513366222382,
  0.15427106618881226,
  0.14819788932800293,
  0.13950011134147644,
  0.13940855860710144,
  0.1343729943037033,
  0.13650929927825928,
  0.13254188001155853,
  0.1356242597103119,
  0.13174840807914734,
  0.1354106217622757,
  0.13129062950611115,
  0.1348002552986145,
  0.13293862342834473,
  0.1113620400428772,
  -0.25982666015625,
  -0.614044189453125,
  -0.6231689453125,
  -0.564849853515625,
  -0.48138427734375,
  -0.425872802734375,
  -0.380096435546875,
  -0.356170654296875,
  -0.336669921875,
  -0.3287353515625,
  -0.320648193359375,
  -0.318817138671875,
  -0.3150634765625,
  -0.3153076171875,
  -0.313079833984375,
  -0.313873291015625,
  -0.312164306640625,
  -0.312896728515625,
  -0.31134033203125,
  -0.31072998046875,
  -0.3111572265625,
  -0.28216552734375,
  0.1034272313117981,
  0.443556010723114,
  0.4456617832183838,
  0.382793664932251,
  0.29862362146377563,
  0.24381236732006073,
  0.1979430466890335,
  0.17557299137115479,
  0.15533921122550964,
  0.14911343157291412,
  0.13974425196647644,
  0.13983580470085144,
  0.1343424767255783,
  0.13675343990325928,
  0.13241980969905853,
  0.1358684003353119,
  0.13153477013111115,
  0.1357463300228119,
  0.13083285093307495,
  0.1357463300228119,
  0.13055817782878876,
  0.12540055811405182,
  -0.210357666015625,
  -0.597442626953125,
  -0.628173828125,
  -0.5721435546875,
  -0.488922119140625,
  -0.43072509765625,
  -0.383758544921875,
  -0.358154296875,
  -0.338165283203125,
  -0.329437255859375,
  -0.321197509765625,
  -0.319091796875,
  -0.31524658203125,
  -0.315460205078125,
  -0.31304931640625,
  -0.314117431640625,
  -0.3118896484375,
  -0.313385009765625,
  -0.3106689453125,
  -0.31219482421875,
  -0.3082275390625,
  -0.29815673828125,
  0.05395672470331192,
  0.4285409152507782,
  0.4508804678916931,
  0.3906369209289551,
  0.30588701367378235,
  0.24887844920158386,
  0.20133060216903687,
  0.17767876386642456,
  0.15662099421024323,
  0.1499069184064865,
  0.14017151296138763,
  0.14011047780513763,
  0.1344950646162033,
  0.13684499263763428,
  0.13248084485530853,
  0.1358989179134369,
  0.13153477013111115,
  0.1358378827571869,
  0.13061922788619995,
  0.13632617890834808,
  0.12891018390655518,
  0.1352580338716507,
  -0.16162109375,
  -0.57623291015625,
  -0.632904052734375,
  -0.578948974609375,
  -0.4969482421875,
  -0.435577392578125,
  -0.387786865234375,
  -0.360137939453125,
  -0.339813232421875,
  -0.330078125,
  -0.32183837890625,
  -0.319244384765625,
  -0.31549072265625,
  -0.315521240234375,
  -0.313079833984375,
  -0.314239501953125,
  -0.311767578125,
  -0.313751220703125,
  -0.310150146484375,
  -0.313385009765625,
  -0.305938720703125,
  -0.309814453125,
  0.004791405983269215,
  0.40910062193870544,
  0.45582446455955505,
  0.3980529308319092,
  0.31360819935798645,
  0.2538834810256958,
  0.20511490106582642,
  0.17969298362731934,
  0.1581774353981018,
  0.1505478024482727,
  0.14084291458129883,
  0.14020203053951263,
  0.1348307728767395,
  0.13675343990325928,
  0.13269448280334473,
  0.1357463300228119,
  0.13174840807914734,
  0.1356852948665619,
  0.13074129819869995,
  0.13647878170013428,
  0.1279641091823578,
  0.14145329594612122,
  -0.11456298828125,
  -0.55035400390625,
  -0.63702392578125,
  -0.585296630859375,
  -0.50531005859375,
  -0.4404296875,
  -0.392059326171875,
  -0.362060546875,
  -0.34161376953125,
  -0.3306884765625,
  -0.322601318359375,
  -0.319366455078125,
  -0.315826416015625,
  -0.315521240234375,
  -0.313232421875,
  -0.31427001953125,
  -0.311767578125,
  -0.31396484375,
  -0.309906005859375,
  -0.314208984375,
  -0.304412841796875,
  -0.317535400390625,
  -0.043121337890625,
  0.38505202531814575,
  0.4602496325969696,
  0.4050111472606659,
  0.32175663113594055,
  0.25885799527168274,
  0.20923490822315216,
  0.1816461682319641,
  0.15994751453399658,
  0.1510666161775589,
  0.14166691899299622,
  0.14017151296138763,
  0.1353190690279007,
  0.13653981685638428,
  0.13312174379825592,
  0.1354106217622757,
  0.13214515149593353,
  0.1353190690279007,
  0.13113804161548615,
  0.13626514375209808,
  0.1278115212917328,
  0.14462721347808838,
  -0.07000732421875,
  -0.519805908203125,
  -0.6402587890625,
  -0.59124755859375,
  -0.513946533203125,
  -0.44537353515625,
  -0.396636962890625,
  -0.36407470703125,
  -0.343597412109375,
  -0.331268310546875,
  -0.323455810546875,
  -0.3194580078125,
  -0.31622314453125,
  -0.315460205078125,
  -0.313446044921875,
  -0.314208984375,
  -0.3118896484375,
  -0.31396484375,
  -0.30987548828125,
  -0.314605712890625,
  -0.3037109375,
  -0.3218994140625,
  -0.0888671875,
  0.3563341200351715,
  0.46385082602500916,
  0.4115420877933502,
  0.33030182123184204,
  0.2638325095176697,
  0.2137211263179779,
  0.1835688352584839,
  0.16196173429489136,
  0.1514938771724701,
  0.1426435112953186,
  0.14004944264888763,
  0.1359599530696869,
  0.13614307343959808,
  0.13364055752754211,
  0.1349528431892395,
  0.13269448280334473,
  0.1347697377204895,
  0.13171789050102234,
  0.1356852948665619,
  0.12829981744289398,
  0.14529862999916077,
  -0.02874755859375,
  -0.4847412109375,
  -0.642181396484375,
  -0.59686279296875,
  -0.52276611328125,
  -0.45050048828125,
  -0.401336669921875,
  -0.3662109375,
  -0.34564208984375,
  -0.331878662109375,
  -0.324371337890625,
  -0.31951904296875,
  -0.316680908203125,
  -0.31536865234375,
  -0.313720703125,
  -0.314056396484375,
  -0.312103271484375,
  -0.3138427734375,
  -0.31005859375,
  -0.31463623046875,
  -0.30377197265625,
  -0.323486328125,
  -0.131683349609375,
  0.3230079114437103,
  0.46626177430152893,
  0.41770684719085693,
  0.33912166953086853,
  0.2689290940761566,
  0.21845148503780365,
  0.18549150228500366,
  0.16412854194641113,
  0.1518906205892563,
  0.143742173910141,
  0.13983580470085144,
  0.13669240474700928,
  0.1357463300228119,
  0.1342509239912033,
  0.1344035118818283,
  0.13333536684513092,
  0.1341288536787033,
  0.13248084485530853,
  0.1348612904548645,
  0.12927640974521637,
  0.14419995248317719,
  0.008514664135873318,
  -0.445526123046875,
  -0.64227294921875,
  -0.602264404296875,
  -0.531646728515625,
  -0.455902099609375,
  -0.406219482421875,
  -0.36846923828125,
  -0.3477783203125,
  -0.33258056640625,
  -0.325286865234375,
  -0.319580078125,
  -0.317169189453125,
  -0.31524658203125,
  -0.314056396484375,
  -0.3138427734375,
  -0.31243896484375,
  -0.3135986328125,
  -0.31048583984375,
  -0.314300537109375,
  -0.30450439453125,
  -0.32293701171875,
  -0.170806884765625,
  0.2854090929031372,
  0.4670552611351013,
  0.42359691858291626,
  0.348063588142395,
  0.27420881390571594,
  0.2233649641275406,
  0.18753623962402344,
  0.1663869172334671,
  0.15231788158416748,
  0.14490188658237457,
  0.13962218165397644,
  0.13742484152317047,
  0.1352885514497757,
  0.1349223256111145,
  0.13382366299629211,
  0.13400676846504211,
  0.13342691957950592,
  0.13330484926700592,
  0.13391521573066711,
  0.13061922788619995,
  0.1418805569410324,
  0.04135258123278618,
  -0.402679443359375,
  -0.640045166015625,
  -0.607574462890625,
  -0.540374755859375,
  -0.46160888671875,
  -0.4111328125,
  -0.370941162109375,
  -0.34991455078125,
  -0.3333740234375,
  -0.32623291015625,
  -0.319732666015625,
  -0.317626953125,
  -0.31512451171875,
  -0.314422607421875,
  -0.313629150390625,
  -0.31280517578125,
  -0.313262939453125,
  -0.311004638671875,
  -0.313720703125,
  -0.305755615234375,
  -0.32086181640625,
  -0.205718994140625,
  0.24399548768997192,
  0.46568194031715393,
  0.4292733669281006,
  0.3570360541343689,
  0.2797326445579529,
  0.22843104600906372,
  0.1897335797548294,
  0.16870632767677307,
  0.15280617773532867,
  0.14606158435344696,
  0.13946959376335144,
  0.13815729320049286,
  0.1348612904548645,
  0.1355327069759369,
  0.13330484926700592,
  0.1346476674079895,
  0.13275551795959473,
  0.1341288536787033,
  0.13290810585021973,
  0.13208411633968353,
  0.13895078003406525,
  0.06952116638422012,
  -0.356903076171875,
  -0.63494873046875,
  -0.61279296875,
  -0.548919677734375,
  -0.467742919921875,
  -0.41607666015625,
  -0.3736572265625,
  -0.35205078125,
  -0.33428955078125,
  -0.327117919921875,
  -0.319915771484375,
  -0.318084716796875,
  -0.315032958984375,
  -0.31475830078125,
  -0.313385009765625,
  -0.31317138671875,
  -0.3128662109375,
  -0.3116455078125,
  -0.312957763671875,
  -0.30731201171875,
  -0.31787109375,
  -0.235992431640625,
  0.1993163824081421,
  0.4616535007953644,
  0.4347971975803375,
  0.3658864200115204,
  0.2855921983718872,
  0.23355814814567566,
  0.19214454293251038,
  0.17105624079704285,
  0.15347757935523987,
  0.14719076454639435,
  0.13940855860710144,
  0.13882869482040405,
  0.1345561146736145,
  0.13608203828334808,
  0.13284707069396973,
  0.1352275162935257,
  0.13217566907405853,
  0.1348612904548645,
  0.13202306628227234,
  0.13351847231388092,
  0.1358073651790619,
  0.09283730387687683,
  -0.308990478515625,
  -0.626434326171875,
  -0.618011474609375,
  -0.557098388671875,
  -0.47430419921875,
  -0.4210205078125,
  -0.376739501953125,
  -0.3541259765625,
  -0.33538818359375,
  -0.32794189453125,
  -0.320220947265625,
  -0.3184814453125,
  -0.31500244140625,
  -0.3150634765625,
  -0.313232421875,
  -0.313568115234375,
  -0.3125,
  -0.312286376953125,
  -0.3121337890625,
  -0.30902099609375,
  -0.31451416015625,
  -0.261474609375,
  0.15219581127166748,
  0.4544205963611603,
  0.44026002287864685,
  0.3745231628417969,
  0.2918790280818939,
  0.2387157827615738,
  0.19486068189144135,
  0.17334513366222382,
  0.15427106618881226,
  0.14819788932800293,
  0.13950011134147644,
  0.13940855860710144,
  0.1343729943037033,
  0.13647878170013428,
  0.13254188001155853,
  0.1356242597103119,
  0.13174840807914734,
  0.1354106217622757,
  0.13129062950611115,
  0.1348002552986145,
  0.13293862342834473,
  0.1113620400428772,
  -0.25982666015625,
  -0.61407470703125,
  -0.623138427734375,
  -0.564849853515625,
  -0.48138427734375,
  -0.425872802734375,
  -0.380096435546875,
  -0.356170654296875,
  -0.336669921875,
  -0.3287353515625,
  -0.320648193359375,
  -0.318817138671875,
  -0.315093994140625,
  -0.3153076171875,
  -0.313079833984375,
  -0.313873291015625,
  -0.312164306640625,
  -0.312896728515625,
  -0.31134033203125,
  -0.31072998046875,
  -0.3111572265625,
  -0.28216552734375,
  0.1034272313117981,
  0.443525493144989,
  0.4456617832183838,
  0.382793664932251,
  0.29862362146377563,
  0.24381236732006073,
  0.1979430466890335,
  0.17557299137115479,
  0.15533921122550964,
  0.14911343157291412,
  0.13974425196647644,
  0.13983580470085144,
  0.1343424767255783,
  0.13675343990325928,
  0.13241980969905853,
  0.1358684003353119,
  0.13153477013111115,
  0.1357463300228119,
  0.13083285093307495,
  0.1357463300228119,
  0.13055817782878876,
  0.12540055811405182,
  -0.21038818359375,
  -0.597442626953125,
  -0.628173828125,
  -0.572113037109375,
  -0.488922119140625,
  -0.43072509765625,
  -0.3837890625,
  -0.358154296875,
  -0.338165283203125,
  -0.329437255859375,
  -0.321197509765625,
  -0.319091796875,
  -0.31524658203125,
  -0.315460205078125,
  -0.31304931640625,
  -0.314117431640625,
  -0.3118896484375,
  -0.313385009765625,
  -0.3106689453125,
  -0.31219482421875,
  -0.3082275390625,
  -0.29815673828125,
  0.05395672470331192,
  0.4285409152507782,
  0.4508804678916931,
  0.3906369209289551,
  0.30588701367378235,
  0.24887844920158386,
  0.20133060216903687,
  0.17767876386642456,
  0.15662099421024323,
  0.1499069184064865,
  0.14020203053951263,
  0.14011047780513763,
  0.1344950646162033,
  0.13684499263763428,
  0.13248084485530853,
  0.1358989179134369,
  0.13153477013111115,
  0.1358378827571869,
  0.13061922788619995,
  0.13632617890834808,
  0.12891018390655518,
  0.1352580338716507,
  -0.16162109375,
  -0.57623291015625,
  -0.632904052734375,
  -0.57891845703125,
  -0.496917724609375,
  -0.435546875,
  -0.387786865234375,
  -0.360137939453125,
  -0.339813232421875,
  -0.330078125,
  -0.32183837890625,
  -0.319244384765625,
  -0.31549072265625,
  -0.315521240234375,
  -0.313079833984375,
  -0.314239501953125,
  -0.311767578125,
  -0.313751220703125,
  -0.310150146484375,
  -0.313385009765625,
  -0.305938720703125,
  -0.309814453125,
  0.004791405983269215,
  0.40910062193870544,
  0.45582446455955505,
  0.3980529308319092,
  0.31360819935798645,
  0.2538834810256958,
  0.20511490106582642,
  0.17969298362731934,
  0.1581774353981018,
  0.1505478024482727,
  0.14084291458129883,
  0.14020203053951263,
  0.1348307728767395,
  0.13675343990325928,
  0.13269448280334473,
  0.1357463300228119,
  0.13174840807914734,
  0.1356852948665619,
  0.13074129819869995,
  0.13647878170013428,
  0.1279946267604828,
  0.14145329594612122,
  -0.11456298828125,
  -0.55035400390625,
  -0.63702392578125,
  -0.58526611328125,
  -0.50531005859375,
  -0.440399169921875,
  -0.39208984375,
  -0.362060546875,
  -0.341644287109375,
  -0.3306884765625,
  -0.322601318359375,
  -0.319366455078125,
  -0.315826416015625,
  -0.315521240234375,
  -0.313232421875,
  -0.31427001953125,
  -0.311767578125,
  -0.31396484375,
  -0.309906005859375,
  -0.314208984375,
  -0.304412841796875,
  -0.317535400390625,
  -0.0430908203125,
  0.38505202531814575,
  0.4602496325969696,
  0.4050111472606659,
  0.32175663113594055,
  0.25885799527168274,
  0.20923490822315216,
  0.1816461682319641,
  0.15994751453399658,
  0.1510360985994339,
  0.14166691899299622,
  0.14017151296138763,
  0.1353190690279007,
  0.13653981685638428,
  0.13312174379825592,
  0.1354106217622757,
  0.13214515149593353,
  0.1353190690279007,
  0.13113804161548615,
  0.13626514375209808,
  0.1278115212917328,
  0.14462721347808838,
  -0.07000732421875,
  -0.519805908203125,
  -0.6402587890625,
  -0.59124755859375,
  -0.513946533203125,
  -0.44537353515625,
  -0.396636962890625,
  -0.36407470703125,
  -0.343597412109375,
  -0.331268310546875,
  -0.323455810546875,
  -0.3194580078125,
  -0.31622314453125,
  -0.315460205078125,
  -0.313446044921875,
  -0.314208984375,
  -0.3118896484375,
  -0.31396484375,
  -0.30987548828125,
  -0.314605712890625,
  -0.3037109375,
  -0.3218994140625,
  -0.0888671875,
  0.3563341200351715,
  0.46385082602500916,
  0.4115420877933502,
  0.33030182123184204,
  0.2638325095176697,
  0.2137211263179779,
  0.1835688352584839,
  0.16196173429489136,
  0.1514938771724701,
  0.1426435112953186,
  0.14004944264888763,
  0.1359599530696869,
  0.13614307343959808,
  0.13364055752754211,
  0.1349528431892395,
  0.13269448280334473,
  0.1347697377204895,
  0.13171789050102234,
  0.1356852948665619,
  0.12829981744289398,
  0.14529862999916077,
  -0.02874755859375,
  -0.4847412109375,
  -0.642181396484375,
  -0.59686279296875,
  -0.52276611328125,
  -0.45050048828125,
  -0.4013671875,
  -0.3662109375,
  -0.34564208984375,
  -0.331878662109375,
  -0.324371337890625,
  -0.31951904296875,
  -0.316680908203125,
  -0.31536865234375,
  -0.313720703125,
  -0.314056396484375,
  -0.312103271484375,
  -0.3138427734375,
  -0.31005859375,
  -0.31463623046875,
  -0.303741455078125,
  -0.323486328125,
  -0.131683349609375,
  0.3230079114437103,
  0.46626177430152893,
  0.41770684719085693,
  0.33912166953086853,
  0.2689290940761566,
  0.21845148503780365,
  0.18549150228500366,
  0.16412854194641113,
  0.1518906205892563,
  0.143742173910141,
  0.13983580470085144,
  0.13669240474700928,
  0.1357463300228119,
  0.1342509239912033,
  0.1344035118818283,
  0.13333536684513092,
  0.1341288536787033,
  0.13248084485530853,
  0.1348612904548645,
  0.12927640974521637,
  0.14419995248317719,
  0.008484145626425743,
  -0.445556640625,
  -0.64227294921875,
  -0.602264404296875,
  -0.531646728515625,
  -0.45587158203125,
  -0.406219482421875,
  -0.36846923828125,
  -0.3477783203125,
  -0.33258056640625,
  -0.325286865234375,
  -0.319610595703125,
  -0.317169189453125,
  -0.31524658203125,
  -0.314056396484375,
  -0.3138427734375,
  -0.31243896484375,
  -0.3135986328125,
  -0.31048583984375,
  -0.314300537109375,
  -0.30450439453125,
  -0.32293701171875,
  -0.170806884765625,
  0.2854090929031372,
  0.4670552611351013,
  0.42359691858291626,
  0.348063588142395,
  0.27420881390571594,
  0.2233649641275406,
  0.18753623962402344,
  0.1663869172334671,
  0.15231788158416748,
  0.14490188658237457,
  0.13962218165397644,
  0.13742484152317047,
  0.1352885514497757,
  0.1349223256111145,
  0.13382366299629211,
  0.13400676846504211,
  0.13342691957950592,
  0.13330484926700592,
  0.13391521573066711,
  0.13061922788619995,
  0.1418805569410324,
  0.04135258123278618,
  -0.4027099609375,
  -0.6400146484375,
  -0.607574462890625,
  -0.540374755859375,
  -0.46160888671875,
  -0.4111328125,
  -0.370941162109375,
  -0.34991455078125,
  -0.3333740234375,
  -0.32623291015625,
  -0.319732666015625,
  -0.317626953125,
  -0.31512451171875,
  -0.314422607421875,
  -0.313629150390625,
  -0.312774658203125,
  -0.313262939453125,
  -0.311004638671875,
  -0.313720703125,
  -0.305755615234375,
  -0.32086181640625,
  -0.205718994140625,
  0.24399548768997192,
  0.46568194031715393,
  0.4292733669281006,
  0.3570360541343689,
  0.2797326445579529,
  0.22843104600906372,
  0.1897335797548294,
  0.16870632767677307,
  0.15280617773532867,
  0.14606158435344696,
  0.13946959376335144,
  0.13815729320049286,
  0.1348612904548645,
  0.1355327069759369,
  0.13330484926700592,
  0.1346476674079895,
  0.13275551795959473,
  0.1341288536787033,
  0.13290810585021973,
  0.13208411633968353,
  0.13895078003406525,
  0.06952116638422012,
  -0.35693359375,
  -0.63494873046875,
  -0.61279296875,
  -0.548919677734375,
  -0.467742919921875,
  -0.41607666015625,
  -0.373687744140625,
  -0.35205078125,
  -0.33428955078125,
  -0.327117919921875,
  -0.319915771484375,
  -0.318084716796875,
  -0.315032958984375,
  -0.31475830078125,
  -0.313385009765625
]