; Sample Rate 44100
; Channels 2
               0  -0.0032653808594 -0.0032653808594 
   2.2675737e-05   0.055694580078  0.055694580078 
   4.5351474e-05    0.19644165039   0.19644165039 
   6.8027211e-05    0.23138427734   0.23138427734 
   9.0702948e-05    0.21731567383   0.21731567383 
   0.00011337868    0.19442749023   0.19442749023 
   0.00013605442    0.17282104492   0.17282104492 
   0.00015873016    0.15924072266   0.15924072266 
    0.0001814059    0.14804077148   0.14804077148 
   0.00020408163    0.14337158203   0.14337158203 
   0.00022675737    0.13803100586   0.13803100586 
   0.00024943311     0.1374206543    0.1374206543 
   0.00027210884    0.13436889648   0.13436889648 
   0.00029478458    0.13537597656   0.13537597656 
   0.00031746032    0.13296508789   0.13296508789 
   0.00034013605      0.134765625     0.134765625 
   0.00036281179    0.13201904297   0.13201904297 
   0.00038548753    0.13519287109   0.13519287109 
   0.00040816327    0.12933349609   0.12933349609 
     0.000430839    0.14260864258   0.14260864258 
   0.00045351474  -0.016540527344 -0.016540527344 
   0.00047619048   -0.47589111328  -0.47589111328 
   0.00049886621   -0.64315795898  -0.64315795898 
   0.00052154195   -0.59732055664  -0.59732055664 
   0.00054421769   -0.52572631836  -0.52572631836 
   0.00056689342   -0.45101928711  -0.45101928711 
   0.00058956916   -0.40328979492  -0.40328979492 
    0.0006122449   -0.36605834961  -0.36605834961 
   0.00063492063   -0.34692382812  -0.34692382812 
   0.00065759637   -0.33145141602  -0.33145141602 
   0.00068027211   -0.32528686523  -0.32528686523 
   0.00070294785   -0.31903076172  -0.31903076172 
   0.00072562358   -0.31744384766  -0.31744384766 
   0.00074829932   -0.31494140625  -0.31494140625 
   0.00077097506     -0.314453125    -0.314453125 
   0.00079365079   -0.31372070312  -0.31372070312 
   0.00081632653   -0.31295776367  -0.31295776367 
   0.00083900227   -0.31350708008  -0.31350708008 
     0.000861678   -0.31158447266  -0.31158447266 
   0.00088435374   -0.31365966797  -0.31365966797 
   0.00090702948   -0.30938720703  -0.30938720703 
   0.00092970522   -0.31350708008  -0.31350708008 
   0.00095238095   -0.30416870117  -0.30416870117 
   0.00097505669   -0.25762939453  -0.25762939453 
   0.00099773243    0.20373535156   0.20373535156 
    0.0010204082    0.46127319336   0.46127319336 
    0.0010430839    0.43276977539   0.43276977539 
    0.0010657596    0.36920166016   0.36920166016 
    0.0010884354    0.28414916992   0.28414916992 
    0.0011111111    0.23614501953   0.23614501953 
    0.0011337868    0.19076538086   0.19076538086 
    0.0011564626     0.1728515625    0.1728515625 
    0.0011791383    0.15225219727   0.15225219727 
    0.0012018141    0.14834594727   0.14834594727 
    0.0012244898    0.13858032227   0.13858032227 
    0.0012471655    0.13949584961   0.13949584961 
    0.0012698413    0.13418579102   0.13418579102 
     0.001292517    0.13613891602   0.13613891602 
    0.0013151927    0.13311767578   0.13311767578 
    0.0013378685     0.1344909668    0.1344909668 
    0.0013605442    0.13339233398   0.13339233398 
      0.00138322        0.1328125       0.1328125 
    0.0014058957    0.13516235352   0.13516235352 
    0.0014285714    0.12777709961   0.12777709961 
    0.0014512472    0.14807128906   0.14807128906 
    0.0014739229  -0.058044433594 -0.058044433594 
    0.0014965986   -0.51153564453  -0.51153564453 
    0.0015192744   -0.63928222656  -0.63928222656 
    0.0015419501   -0.59545898438  -0.59545898438 
    0.0015646259   -0.51446533203  -0.51446533203 
    0.0015873016    -0.4489440918   -0.4489440918 
    0.0016099773   -0.39611816406  -0.39611816406 
    0.0016326531   -0.36645507812  -0.36645507812 
    0.0016553288   -0.34255981445  -0.34255981445 
    0.0016780045   -0.33294677734  -0.33294677734 
    0.0017006803   -0.32232666016  -0.32232666016 
     0.001723356   -0.32073974609  -0.32073974609 
    0.0017460317   -0.31524658203  -0.31524658203 
    0.0017687075      -0.31640625     -0.31640625 
    0.0017913832   -0.31274414062  -0.31274414062 
     0.001814059   -0.31478881836  -0.31478881836 
    0.0018367347   -0.31161499023  -0.31161499023 
    0.0018594104   -0.31405639648  -0.31405639648 
    0.0018820862   -0.31033325195  -0.31033325195 
    0.0019047619   -0.31384277344  -0.31384277344 
    0.0019274376   -0.30584716797  -0.30584716797 
    0.0019501134   -0.31881713867  -0.31881713867 
    0.0019727891   -0.16345214844  -0.16345214844 
    0.0019954649    0.29382324219   0.29382324219 
    0.0020181406    0.46966552734   0.46966552734 
    0.0020408163    0.41983032227   0.41983032227 
    0.0020634921       0.34765625      0.34765625 
    0.0020861678    0.27108764648   0.27108764648 
    0.0021088435    0.22357177734   0.22357177734 
    0.0021315193    0.18563842773   0.18563842773 
     0.002154195     0.1669921875    0.1669921875 
    0.0021768707     0.1510925293    0.1510925293 
    0.0021995465    0.14553833008   0.14553833008 
    0.0022222222    0.13885498047   0.13885498047 
     0.002244898    0.13793945312   0.13793945312 
    0.0022675737    0.13479614258   0.13479614258 
    0.0022902494    0.13522338867   0.13522338867 
    0.0023129252    0.13363647461   0.13363647461 
    0.0023356009    0.13400268555   0.13400268555 
    0.0023582766    0.13363647461   0.13363647461 
    0.0023809524    0.13284301758   0.13284301758 
    0.0024036281      0.134765625     0.134765625 
    0.0024263039    0.12899780273   0.12899780273 
    0.0024489796    0.14538574219   0.14538574219 
    0.0024716553  0.00030517578125 0.00030517578125 
    0.0024943311   -0.45523071289  -0.45523071289 
    0.0025170068   -0.64138793945  -0.64138793945 
    0.0025396825   -0.60198974609  -0.60198974609 
    0.0025623583   -0.52890014648  -0.52890014648 
     0.002585034   -0.45538330078  -0.45538330078 
    0.0026077098   -0.40451049805  -0.40451049805 
    0.0026303855   -0.36849975586  -0.36849975586 
    0.0026530612   -0.34680175781  -0.34680175781 
     0.002675737   -0.33282470703  -0.33282470703 
    0.0026984127   -0.32473754883  -0.32473754883 
    0.0027210884   -0.31991577148  -0.31991577148 
    0.0027437642   -0.31680297852  -0.31680297852 
    0.0027664399   -0.31546020508  -0.31546020508 
    0.0027891156   -0.31384277344  -0.31384277344 
    0.0028117914   -0.31402587891  -0.31402587891 
    0.0028344671   -0.31234741211  -0.31234741211 
    0.0028571429   -0.31362915039  -0.31362915039 
    0.0028798186     -0.310546875    -0.310546875 
    0.0029024943   -0.31411743164  -0.31411743164 
    0.0029251701   -0.30484008789  -0.30484008789 
    0.0029478458     -0.322265625    -0.322265625 
    0.0029705215   -0.17401123047  -0.17401123047 
    0.0029931973    0.28176879883   0.28176879883 
     0.003015873    0.46719360352   0.46719360352 
    0.0030385488    0.42391967773   0.42391967773 
    0.0030612245    0.34887695312   0.34887695312 
    0.0030839002    0.27462768555   0.27462768555 
     0.003106576    0.22375488281   0.22375488281 
    0.0031292517     0.1877746582    0.1877746582 
    0.0031519274    0.16647338867   0.16647338867 
    0.0031746032    0.15249633789   0.15249633789 
    0.0031972789    0.14483642578   0.14483642578 
    0.0032199546    0.13977050781   0.13977050781 
    0.0032426304    0.13729858398   0.13729858398 
    0.0032653061     0.1354675293    0.1354675293 
    0.0032879819    0.13470458984   0.13470458984 
    0.0033106576    0.13409423828   0.13409423828 
    0.0033333333    0.13375854492   0.13375854492 
    0.0033560091    0.13372802734   0.13372802734 
    0.0033786848    0.13296508789   0.13296508789 
    0.0034013605    0.13427734375   0.13427734375 
    0.0034240363     0.1301574707    0.1301574707 
     0.003446712    0.14248657227   0.14248657227 
    0.0034693878   0.039733886719  0.039733886719 
    0.0034920635   -0.40423583984  -0.40423583984 
    0.0035147392   -0.64031982422  -0.64031982422 
     0.003537415    -0.6071472168   -0.6071472168 
    0.0035600907   -0.54028320312  -0.54028320312 
    0.0035827664   -0.46115112305  -0.46115112305 
    0.0036054422   -0.41119384766  -0.41119384766 
    0.0036281179   -0.37057495117  -0.37057495117 
    0.0036507937   -0.35012817383  -0.35012817383 
    0.0036734694    -0.3330078125   -0.3330078125 
    0.0036961451   -0.32650756836  -0.32650756836 
    0.0037188209   -0.31939697266  -0.31939697266 
    0.0037414966   -0.31796264648  -0.31796264648 
    0.0037641723   -0.31478881836  -0.31478881836 
    0.0037868481    -0.3147277832   -0.3147277832 
    0.0038095238   -0.31332397461  -0.31332397461 
    0.0038321995   -0.31311035156  -0.31311035156 
    0.0038548753   -0.31292724609  -0.31292724609 
     0.003877551   -0.31134033203  -0.31134033203 
    0.0039002268   -0.31335449219  -0.31335449219 
    0.0039229025   -0.30609130859  -0.30609130859 
    0.0039455782   -0.32046508789  -0.32046508789 
     0.003968254   -0.20629882812  -0.20629882812 
    0.0039909297     0.2438659668    0.2438659668 
    0.0040136054    0.46536254883   0.46536254883 
    0.0040362812    0.42959594727   0.42959594727 
    0.0040589569    0.35681152344   0.35681152344 
    0.0040816327    0.28005981445   0.28005981445 
    0.0041043084    0.22817993164   0.22817993164 
    0.0041269841    0.19003295898   0.19003295898 
    0.0041496599    0.16845703125   0.16845703125 
    0.0041723356    0.15310668945   0.15310668945 
    0.0041950113     0.1457824707    0.1457824707 
    0.0042176871    0.13973999023   0.13973999023 
    0.0042403628    0.13790893555   0.13790893555 
    0.0042630385    0.13513183594   0.13513183594 
    0.0042857143    0.13528442383   0.13528442383 
      0.00430839    0.13354492188   0.13354492188 
    0.0043310658    0.13439941406   0.13439941406 
    0.0043537415    0.13299560547   0.13299560547 
    0.0043764172    0.13388061523   0.13388061523 
     0.004399093    0.13317871094   0.13317871094 
    0.0044217687     0.1318359375    0.1318359375 
    0.0044444444    0.13919067383   0.13919067383 
    0.0044671202   0.069152832031  0.069152832031 
    0.0044897959   -0.35696411133  -0.35696411133 
    0.0045124717   -0.63513183594  -0.63513183594 
    0.0045351474    -0.6125793457   -0.6125793457 
    0.0045578231   -0.54904174805  -0.54904174805 
    0.0045804989   -0.46752929688  -0.46752929688 
    0.0046031746   -0.41622924805  -0.41622924805 
    0.0046258503   -0.37350463867  -0.37350463867 
    0.0046485261   -0.35217285156  -0.35217285156 
    0.0046712018   -0.33413696289  -0.33413696289 
    0.0046938776   -0.32727050781  -0.32727050781 
    0.0047165533   -0.31979370117  -0.31979370117 
     0.004739229   -0.31823730469  -0.31823730469 
    0.0047619048   -0.31491088867  -0.31491088867 
    0.0047845805   -0.31488037109  -0.31488037109 
    0.0048072562   -0.31329345703  -0.31329345703 
     0.004829932   -0.31329345703  -0.31329345703 
    0.0048526077    -0.3127746582   -0.3127746582 
    0.0048752834   -0.31173706055  -0.31173706055 
    0.0048979592   -0.31286621094  -0.31286621094 
    0.0049206349   -0.30740356445  -0.30740356445 
    0.0049433107   -0.31781005859  -0.31781005859 
    0.0049659864   -0.23608398438  -0.23608398438 
    0.0049886621    0.19931030273   0.19931030273 
    0.0050113379    0.46157836914   0.46157836914 
    0.0050340136     0.4348449707    0.4348449707 
    0.0050566893    0.36584472656   0.36584472656 
    0.0050793651    0.28564453125   0.28564453125 
    0.0051020408    0.23352050781   0.23352050781 
    0.0051247166    0.19216918945   0.19216918945 
    0.0051473923    0.17105102539   0.17105102539 
     0.005170068    0.15347290039   0.15347290039 
    0.0051927438    0.14715576172   0.14715576172 
    0.0052154195    0.13940429688   0.13940429688 
    0.0052380952    0.13882446289   0.13882446289 
     0.005260771    0.13455200195   0.13455200195 
    0.0052834467    0.13607788086   0.13607788086 
    0.0053061224    0.13284301758   0.13284301758 
    0.0053287982    0.13522338867   0.13522338867 
    0.0053514739    0.13217163086   0.13217163086 
    0.0053741497    0.13485717773   0.13485717773 
    0.0053968254    0.13201904297   0.13201904297 
    0.0054195011    0.13357543945   0.13357543945 
    0.0054421769    0.13580322266   0.13580322266 
    0.0054648526   0.092834472656  0.092834472656 
    0.0054875283   -0.30905151367  -0.30905151367 
    0.0055102041   -0.62637329102  -0.62637329102 
    0.0055328798   -0.61804199219  -0.61804199219 
    0.0055555556   -0.55703735352  -0.55703735352 
    0.0055782313   -0.47436523438  -0.47436523438 
     0.005600907   -0.42095947266  -0.42095947266 
    0.0056235828   -0.37677001953  -0.37677001953 
    0.0056462585   -0.35406494141  -0.35406494141 
    0.0056689342   -0.33544921875  -0.33544921875 
      0.00569161   -0.32788085938  -0.32788085938 
    0.0057142857       -0.3203125      -0.3203125 
    0.0057369615   -0.31842041016  -0.31842041016 
    0.0057596372   -0.31509399414  -0.31509399414 
    0.0057823129   -0.31500244141  -0.31500244141 
    0.0058049887   -0.31329345703  -0.31329345703 
    0.0058276644    -0.3134765625   -0.3134765625 
    0.0058503401   -0.31256103516  -0.31256103516 
    0.0058730159    -0.3122253418   -0.3122253418 
    0.0058956916   -0.31219482422  -0.31219482422 
    0.0059183673   -0.30895996094  -0.30895996094 
    0.0059410431   -0.31457519531  -0.31457519531 
    0.0059637188    -0.2614440918   -0.2614440918 
    0.0059863946     0.1520690918    0.1520690918 
    0.0060090703    0.45446777344   0.45446777344 
     0.006031746    0.44018554688   0.44018554688 
    0.0060544218    0.37457275391   0.37457275391 
    0.0060770975    0.29180908203   0.29180908203 
    0.0060997732    0.23876953125   0.23876953125 
     0.006122449    0.19479370117   0.19479370117 
    0.0061451247    0.17340087891   0.17340087891 
    0.0061678005    0.15420532227   0.15420532227 
    0.0061904762    0.14828491211   0.14828491211 
    0.0062131519    0.13940429688   0.13940429688 
    0.0062358277    0.13949584961   0.13949584961 
    0.0062585034    0.13430786133   0.13430786133 
    0.0062811791    0.13656616211   0.13656616211 
    0.0063038549    0.13247680664   0.13247680664 
    0.0063265306    0.13571166992   0.13571166992 
    0.0063492063    0.13168334961   0.13168334961 
    0.0063718821     0.1354675293    0.1354675293 
    0.0063945578    0.13122558594   0.13122558594 
    0.0064172336    0.13485717773   0.13485717773 
    0.0064399093    0.13287353516   0.13287353516 
     0.006462585    0.11141967773   0.11141967773 
    0.0064852608   -0.25985717773  -0.25985717773 
    0.0065079365    -0.6139831543   -0.6139831543 
    0.0065306122   -0.62322998047  -0.62322998047 
     0.006553288   -0.56478881836  -0.56478881836 
    0.0065759637    -0.4814453125   -0.4814453125 
    0.0065986395   -0.42584228516  -0.42584228516 
    0.0066213152   -0.38012695312  -0.38012695312 
    0.0066439909   -0.35610961914  -0.35610961914 
    0.0066666667   -0.33670043945  -0.33670043945 
    0.0066893424   -0.32867431641  -0.32867431641 
    0.0067120181   -0.32070922852  -0.32070922852 
    0.0067346939   -0.31878662109  -0.31878662109 
    0.0067573696   -0.31512451172  -0.31512451172 
    0.0067800454   -0.31524658203  -0.31524658203 
    0.0068027211   -0.31311035156  -0.31311035156 
    0.0068253968   -0.31384277344  -0.31384277344 
    0.0068480726   -0.31219482422  -0.31219482422 
    0.0068707483   -0.31283569336  -0.31283569336 
     0.006893424   -0.31137084961  -0.31137084961 
    0.0069160998   -0.31066894531  -0.31066894531 
    0.0069387755   -0.31121826172  -0.31121826172 
    0.0069614512   -0.28210449219  -0.28210449219 
     0.006984127    0.10336303711   0.10336303711 
    0.0070068027    0.44354248047   0.44354248047 
    0.0070294785    0.44561767578   0.44561767578 
    0.0070521542        0.3828125       0.3828125 
    0.0070748299    0.29861450195   0.29861450195 
    0.0070975057    0.24383544922   0.24383544922 
    0.0071201814    0.19787597656   0.19787597656 
    0.0071428571    0.17556762695   0.17556762695 
    0.0071655329    0.15533447266   0.15533447266 
    0.0071882086     0.1491394043    0.1491394043 
    0.0072108844    0.13970947266   0.13970947266 
    0.0072335601    0.13983154297   0.13983154297 
    0.0072562358    0.13430786133   0.13430786133 
    0.0072789116    0.13674926758   0.13674926758 
    0.0073015873    0.13238525391   0.13238525391 
     0.007324263    0.13586425781   0.13586425781 
    0.0073469388    0.13153076172   0.13153076172 
    0.0073696145     0.1357421875    0.1357421875 
    0.0073922902    0.13079833984   0.13079833984 
     0.007414966     0.1357421875    0.1357421875 
    0.0074376417    0.13055419922   0.13055419922 
    0.0074603175    0.12539672852   0.12539672852 
    0.0074829932   -0.21035766602  -0.21035766602 
    0.0075056689   -0.59741210938  -0.59741210938 
    0.0075283447    -0.6282043457   -0.6282043457 
    0.0075510204   -0.57214355469  -0.57214355469 
    0.0075736961   -0.48892211914  -0.48892211914 
    0.0075963719   -0.43072509766  -0.43072509766 
    0.0076190476   -0.38375854492  -0.38375854492 
    0.0076417234   -0.35815429688  -0.35815429688 
    0.0076643991    -0.3381652832   -0.3381652832 
    0.0076870748   -0.32943725586  -0.32943725586 
    0.0077097506   -0.32119750977  -0.32119750977 
    0.0077324263   -0.31909179688  -0.31909179688 
     0.007755102   -0.31524658203  -0.31524658203 
    0.0077777778   -0.31546020508  -0.31546020508 
    0.0078004535   -0.31301879883  -0.31301879883 
    0.0078231293   -0.31411743164  -0.31411743164 
     0.007845805   -0.31188964844  -0.31188964844 
    0.0078684807   -0.31338500977  -0.31338500977 
    0.0078911565   -0.31066894531  -0.31066894531 
    0.0079138322    -0.3122253418   -0.3122253418 
    0.0079365079   -0.30822753906  -0.30822753906 
    0.0079591837   -0.29818725586  -0.29818725586 
    0.0079818594   0.053955078125  0.053955078125 
    0.0080045351    0.42849731445   0.42849731445 
    0.0080272109    0.45086669922   0.45086669922 
    0.0080498866         0.390625        0.390625 
    0.0080725624    0.30587768555   0.30587768555 
    0.0080952381    0.24887084961   0.24887084961 
    0.0081179138    0.20132446289   0.20132446289 
    0.0081405896    0.17764282227   0.17764282227 
    0.0081632653    0.15664672852   0.15664672852 
     0.008185941    0.14987182617   0.14987182617 
    0.0082086168    0.14019775391   0.14019775391 
    0.0082312925    0.14007568359   0.14007568359 
    0.0082539683     0.1344909668    0.1344909668 
     0.008276644    0.13681030273   0.13681030273 
    0.0082993197    0.13247680664   0.13247680664 
    0.0083219955    0.13589477539   0.13589477539 
    0.0083446712    0.13153076172   0.13153076172 
    0.0083673469    0.13580322266   0.13580322266 
    0.0083900227    0.13064575195   0.13064575195 
    0.0084126984    0.13632202148   0.13632202148 
    0.0084353741       0.12890625      0.12890625 
    0.0084580499    0.13525390625   0.13525390625 
    0.0084807256   -0.16162109375  -0.16162109375 
    0.0085034014   -0.57623291016  -0.57623291016 
    0.0085260771   -0.63290405273  -0.63290405273 
    0.0085487528   -0.57894897461  -0.57894897461 
    0.0085714286   -0.49691772461  -0.49691772461 
    0.0085941043   -0.43557739258  -0.43557739258 
      0.00861678   -0.38778686523  -0.38778686523 
    0.0086394558   -0.36013793945  -0.36013793945 
    0.0086621315   -0.33978271484  -0.33978271484 
    0.0086848073     -0.330078125    -0.330078125 
     0.008707483   -0.32183837891  -0.32183837891 
    0.0087301587   -0.31924438477  -0.31924438477 
    0.0087528345   -0.31546020508  -0.31546020508 
    0.0087755102   -0.31555175781  -0.31555175781 
    0.0087981859   -0.31307983398  -0.31307983398 
    0.0088208617   -0.31423950195  -0.31423950195 
    0.0088435374   -0.31176757812  -0.31176757812 
    0.0088662132    -0.3137512207   -0.3137512207 
    0.0088888889   -0.31015014648  -0.31015014648 
    0.0089115646   -0.31338500977  -0.31338500977 
    0.0089342404    -0.3059387207   -0.3059387207 
    0.0089569161   -0.30981445312  -0.30981445312 
    0.0089795918  0.0047912597656 0.0047912597656 
    0.0090022676    0.40908813477   0.40908813477 
    0.0090249433    0.45581054688   0.45581054688 
     0.009047619    0.39804077148   0.39804077148 
    0.0090702948    0.31359863281   0.31359863281 
    0.0090929705    0.25384521484   0.25384521484 
    0.0091156463    0.20510864258   0.20510864258 
     0.009138322        0.1796875       0.1796875 
    0.0091609977    0.15817260742   0.15817260742 
    0.0091836735    0.15054321289   0.15054321289 
    0.0092063492    0.14083862305   0.14083862305 
    0.0092290249    0.14019775391   0.14019775391 
    0.0092517007    0.13482666016   0.13482666016 
    0.0092743764    0.13674926758   0.13674926758 
    0.0092970522    0.13269042969   0.13269042969 
    0.0093197279     0.1357421875    0.1357421875 
    0.0093424036    0.13174438477   0.13174438477 
    0.0093650794    0.13568115234   0.13568115234 
    0.0093877551    0.13073730469   0.13073730469 
    0.0094104308    0.13647460938   0.13647460938 
    0.0094331066    0.12799072266   0.12799072266 
    0.0094557823    0.14144897461   0.14144897461 
     0.009478458    -0.1145324707   -0.1145324707 
    0.0095011338   -0.55035400391  -0.55035400391 
    0.0095238095   -0.63702392578  -0.63702392578 
    0.0095464853   -0.58529663086  -0.58529663086 
     0.009569161   -0.50531005859  -0.50531005859 
    0.0095918367    -0.4404296875   -0.4404296875 
    0.0096145125   -0.39205932617  -0.39205932617 
    0.0096371882   -0.36206054688  -0.36206054688 
    0.0096598639   -0.34161376953  -0.34161376953 
    0.0096825397   -0.33068847656  -0.33068847656 
    0.0097052154   -0.32260131836  -0.32260131836 
    0.0097278912   -0.31936645508  -0.31936645508 
    0.0097505669   -0.31582641602  -0.31582641602 
    0.0097732426   -0.31555175781  -0.31555175781 
    0.0097959184   -0.31323242188  -0.31323242188 
    0.0098185941   -0.31427001953  -0.31427001953 
    0.0098412698   -0.31176757812  -0.31176757812 
    0.0098639456   -0.31396484375  -0.31396484375 
    0.0098866213   -0.30990600586  -0.30990600586 
    0.0099092971   -0.31420898438  -0.31420898438 
    0.0099319728    -0.3044128418   -0.3044128418 
    0.0099546485   -0.31753540039  -0.31753540039 
    0.0099773243  -0.043121337891 -0.043121337891 
            0.01     0.3850402832    0.3850402832 
     0.010022676     0.4602355957    0.4602355957 
     0.010045351     0.4049987793    0.4049987793 
     0.010068027    0.32174682617   0.32174682617 
     0.010090703    0.25885009766   0.25885009766 
     0.010113379    0.20922851562   0.20922851562 
     0.010136054      0.181640625     0.181640625 
      0.01015873    0.15994262695   0.15994262695 
     0.010181406    0.15106201172   0.15106201172 
     0.010204082    0.14166259766   0.14166259766 
     0.010226757    0.14016723633   0.14016723633 
     0.010249433    0.13531494141   0.13531494141 
     0.010272109    0.13653564453   0.13653564453 
     0.010294785    0.13311767578   0.13311767578 
      0.01031746    0.13540649414   0.13540649414 
     0.010340136    0.13214111328   0.13214111328 
     0.010362812    0.13531494141   0.13531494141 
     0.010385488     0.1311340332    0.1311340332 
     0.010408163    0.13626098633   0.13626098633 
     0.010430839    0.12780761719   0.12780761719 
     0.010453515    0.14462280273   0.14462280273 
      0.01047619  -0.069976806641 -0.069976806641 
     0.010498866    -0.5198059082   -0.5198059082 
     0.010521542   -0.64028930664  -0.64028930664 
     0.010544218   -0.59124755859  -0.59124755859 
     0.010566893    -0.5139465332   -0.5139465332 
     0.010589569   -0.44537353516  -0.44537353516 
     0.010612245   -0.39663696289  -0.39663696289 
     0.010634921   -0.36407470703  -0.36407470703 
     0.010657596   -0.34359741211  -0.34359741211 
     0.010680272   -0.33126831055  -0.33126831055 
     0.010702948   -0.32345581055  -0.32345581055 
     0.010725624   -0.31945800781  -0.31945800781 
     0.010748299   -0.31622314453  -0.31622314453 
     0.010770975   -0.31546020508  -0.31546020508 
     0.010793651   -0.31344604492  -0.31344604492 
     0.010816327   -0.31420898438  -0.31420898438 
     0.010839002   -0.31188964844  -0.31188964844 
     0.010861678   -0.31396484375  -0.31396484375 
     0.010884354   -0.30987548828  -0.30987548828 
     0.010907029   -0.31460571289  -0.31460571289 
     0.010929705    -0.3037109375   -0.3037109375 
     0.010952381   -0.32189941406  -0.32189941406 
     0.010975057  -0.088897705078 -0.088897705078 
     0.010997732    0.35629272461   0.35629272461 
     0.011020408    0.46383666992   0.46383666992 
     0.011043084    0.41152954102   0.41152954102 
      0.01106576    0.33029174805   0.33029174805 
     0.011088435    0.26382446289   0.26382446289 
     0.011111111    0.21371459961   0.21371459961 
     0.011133787    0.18356323242   0.18356323242 
     0.011156463    0.16195678711   0.16195678711 
     0.011179138    0.15148925781   0.15148925781 
     0.011201814    0.14263916016   0.14263916016 
      0.01122449    0.14004516602   0.14004516602 
     0.011247166    0.13595581055   0.13595581055 
     0.011269841    0.13616943359   0.13616943359 
     0.011292517    0.13363647461   0.13363647461 
     0.011315193    0.13494873047   0.13494873047 
     0.011337868    0.13269042969   0.13269042969 
     0.011360544      0.134765625     0.134765625 
      0.01138322    0.13171386719   0.13171386719 
     0.011405896    0.13568115234   0.13568115234 
     0.011428571    0.12829589844   0.12829589844 
     0.011451247    0.14529418945   0.14529418945 
     0.011473923  -0.028747558594 -0.028747558594 
     0.011496599   -0.48474121094  -0.48474121094 
     0.011519274   -0.64218139648  -0.64218139648 
      0.01154195   -0.59686279297  -0.59686279297 
     0.011564626   -0.52276611328  -0.52276611328 
     0.011587302   -0.45050048828  -0.45050048828 
     0.011609977    -0.4013671875   -0.4013671875 
     0.011632653    -0.3662109375   -0.3662109375 
     0.011655329   -0.34567260742  -0.34567260742 
     0.011678005   -0.33187866211  -0.33187866211 
      0.01170068   -0.32437133789  -0.32437133789 
     0.011723356   -0.31951904297  -0.31951904297 
     0.011746032    -0.3166809082   -0.3166809082 
     0.011768707   -0.31536865234  -0.31536865234 
     0.011791383   -0.31372070312  -0.31372070312 
     0.011814059   -0.31405639648  -0.31405639648 
     0.011836735   -0.31210327148  -0.31210327148 
      0.01185941   -0.31384277344  -0.31384277344 
     0.011882086   -0.31008911133  -0.31008911133 
     0.011904762   -0.31463623047  -0.31463623047 
     0.011927438   -0.30377197266  -0.30377197266 
     0.011950113   -0.32348632812  -0.32348632812 
     0.011972789   -0.13168334961  -0.13168334961 
     0.011995465    0.32299804688   0.32299804688 
     0.012018141    0.46624755859   0.46624755859 
     0.012040816     0.4176940918    0.4176940918 
     0.012063492    0.33911132812   0.33911132812 
     0.012086168    0.26892089844   0.26892089844 
     0.012108844    0.21844482422   0.21844482422 
     0.012131519    0.18548583984   0.18548583984 
     0.012154195    0.16412353516   0.16412353516 
     0.012176871    0.15188598633   0.15188598633 
     0.012199546    0.14373779297   0.14373779297 
     0.012222222    0.13983154297   0.13983154297 
     0.012244898    0.13668823242   0.13668823242 
     0.012267574     0.1357421875    0.1357421875 
     0.012290249    0.13424682617   0.13424682617 
     0.012312925    0.13439941406   0.13439941406 
     0.012335601    0.13333129883   0.13333129883 
     0.012358277    0.13412475586   0.13412475586 
     0.012380952    0.13247680664   0.13247680664 
     0.012403628    0.13485717773   0.13485717773 
     0.012426304    0.12927246094   0.12927246094 
      0.01244898    0.14419555664   0.14419555664 
     0.012471655  0.0085144042969 0.0085144042969 
     0.012494331   -0.44552612305  -0.44552612305 
     0.012517007   -0.64227294922  -0.64227294922 
     0.012539683    -0.6022644043   -0.6022644043 
     0.012562358   -0.53164672852  -0.53164672852 
     0.012585034   -0.45590209961  -0.45590209961 
      0.01260771   -0.40621948242  -0.40621948242 
     0.012630385   -0.36846923828  -0.36846923828 
     0.012653061   -0.34777832031  -0.34777832031 
     0.012675737   -0.33258056641  -0.33258056641 
     0.012698413   -0.32528686523  -0.32528686523 
     0.012721088   -0.31958007812  -0.31958007812 
     0.012743764   -0.31716918945  -0.31716918945 
      0.01276644   -0.31524658203  -0.31524658203 
     0.012789116   -0.31405639648  -0.31405639648 
     0.012811791   -0.31384277344  -0.31384277344 
     0.012834467   -0.31243896484  -0.31243896484 
     0.012857143   -0.31359863281  -0.31359863281 
     0.012879819   -0.31048583984  -0.31048583984 
     0.012902494   -0.31430053711  -0.31430053711 
      0.01292517   -0.30450439453  -0.30450439453 
     0.012947846   -0.32293701172  -0.32293701172 
     0.012970522   -0.17083740234  -0.17083740234 
     0.012993197    0.28540039062   0.28540039062 
     0.013015873    0.46701049805   0.46701049805 
     0.013038549    0.42358398438   0.42358398438 
     0.013061224    0.34805297852   0.34805297852 
       0.0130839    0.27420043945   0.27420043945 
     0.013106576     0.2233581543    0.2233581543 
     0.013129252    0.18753051758   0.18753051758 
     0.013151927    0.16638183594   0.16638183594 
     0.013174603    0.15231323242   0.15231323242 
     0.013197279    0.14489746094   0.14489746094 
     0.013219955    0.13961791992   0.13961791992 
      0.01324263     0.1374206543    0.1374206543 
     0.013265306    0.13528442383   0.13528442383 
     0.013287982    0.13491821289   0.13491821289 
     0.013310658    0.13381958008   0.13381958008 
     0.013333333    0.13400268555   0.13400268555 
     0.013356009    0.13342285156   0.13342285156 
     0.013378685    0.13330078125   0.13330078125 
     0.013401361    0.13391113281   0.13391113281 
     0.013424036    0.13061523438   0.13061523438 
     0.013446712     0.1418762207    0.1418762207 
     0.013469388   0.041381835938  0.041381835938 
     0.013492063   -0.40267944336  -0.40267944336 
     0.013514739   -0.64004516602  -0.64004516602 
     0.013537415   -0.60757446289  -0.60757446289 
     0.013560091   -0.54037475586  -0.54037475586 
     0.013582766   -0.46160888672  -0.46160888672 
     0.013605442    -0.4111328125   -0.4111328125 
     0.013628118   -0.37094116211  -0.37094116211 
     0.013650794   -0.34991455078  -0.34991455078 
     0.013673469   -0.33337402344  -0.33337402344 
     0.013696145   -0.32623291016  -0.32623291016 
     0.013718821   -0.31973266602  -0.31973266602 
     0.013741497   -0.31762695312  -0.31762695312 
     0.013764172   -0.31512451172  -0.31512451172 
     0.013786848   -0.31442260742  -0.31442260742 
     0.013809524   -0.31362915039  -0.31362915039 
       0.0138322   -0.31280517578  -0.31280517578 
     0.013854875   -0.31326293945  -0.31326293945 
     0.013877551   -0.31100463867  -0.31100463867 
     0.013900227   -0.31372070312  -0.31372070312 
     0.013922902   -0.30575561523  -0.30575561523 
     0.013945578   -0.32086181641  -0.32086181641 
     0.013968254   -0.20571899414  -0.20571899414 
      0.01399093    0.24395751953   0.24395751953 
     0.014013605    0.46566772461   0.46566772461 
     0.014036281    0.42926025391   0.42926025391 
     0.014058957    0.35702514648   0.35702514648 
     0.014081633    0.27972412109   0.27972412109 
     0.014104308    0.22842407227   0.22842407227 
     0.014126984     0.1897277832    0.1897277832 
      0.01414966    0.16870117188   0.16870117188 
     0.014172336    0.15280151367   0.15280151367 
     0.014195011    0.14605712891   0.14605712891 
     0.014217687    0.13946533203   0.13946533203 
     0.014240363    0.13815307617   0.13815307617 
     0.014263039    0.13485717773   0.13485717773 
     0.014285714    0.13552856445   0.13552856445 
      0.01430839    0.13330078125   0.13330078125 
     0.014331066    0.13464355469   0.13464355469 
     0.014353741    0.13275146484   0.13275146484 
     0.014376417    0.13412475586   0.13412475586 
     0.014399093    0.13290405273   0.13290405273 
     0.014421769    0.13208007812   0.13208007812 
     0.014444444     0.1389465332    0.1389465332 
      0.01446712   0.069519042969  0.069519042969 
     0.014489796   -0.35690307617  -0.35690307617 
     0.014512472   -0.63494873047  -0.63494873047 
     0.014535147   -0.61279296875  -0.61279296875 
     0.014557823   -0.54891967773  -0.54891967773 
     0.014580499   -0.46774291992  -0.46774291992 
     0.014603175   -0.41607666016  -0.41607666016 
      0.01462585   -0.37365722656  -0.37365722656 
     0.014648526   -0.35205078125  -0.35205078125 
     0.014671202   -0.33428955078  -0.33428955078 
     0.014693878   -0.32711791992  -0.32711791992 
     0.014716553   -0.31991577148  -0.31991577148 
     0.014739229    -0.3180847168   -0.3180847168 
     0.014761905   -0.31503295898  -0.31503295898 
      0.01478458   -0.31475830078  -0.31475830078 
     0.014807256   -0.31338500977  -0.31338500977 
     0.014829932   -0.31317138672  -0.31317138672 
     0.014852608   -0.31286621094  -0.31286621094 
     0.014875283   -0.31164550781  -0.31164550781 
     0.014897959   -0.31295776367  -0.31295776367 
     0.014920635   -0.30731201172  -0.30731201172 
     0.014943311   -0.31787109375  -0.31787109375 
     0.014965986   -0.23599243164  -0.23599243164 
     0.014988662    0.19931030273   0.19931030273 
     0.015011338     0.4616394043    0.4616394043 
     0.015034014    0.43478393555   0.43478393555 
     0.015056689    0.36587524414   0.36587524414 
     0.015079365    0.28558349609   0.28558349609 
     0.015102041    0.23355102539   0.23355102539 
     0.015124717    0.19213867188   0.19213867188 
     0.015147392    0.17105102539   0.17105102539 
     0.015170068    0.15347290039   0.15347290039 
     0.015192744     0.1471862793    0.1471862793 
      0.01521542    0.13940429688   0.13940429688 
     0.015238095    0.13885498047   0.13885498047 
     0.015260771    0.13455200195   0.13455200195 
     0.015283447    0.13607788086   0.13607788086 
     0.015306122    0.13284301758   0.13284301758 
     0.015328798    0.13522338867   0.13522338867 
     0.015351474    0.13217163086   0.13217163086 
      0.01537415    0.13485717773   0.13485717773 
     0.015396825    0.13201904297   0.13201904297 
     0.015419501    0.13354492188   0.13354492188 
     0.015442177    0.13580322266   0.13580322266 
     0.015464853   0.092834472656  0.092834472656 
     0.015487528   -0.30895996094  -0.30895996094 
     0.015510204   -0.62643432617  -0.62643432617 
      0.01553288   -0.61801147461  -0.61801147461 
     0.015555556   -0.55709838867  -0.55709838867 
     0.015578231   -0.47430419922  -0.47430419922 
     0.015600907   -0.42102050781  -0.42102050781 
     0.015623583   -0.37673950195  -0.37673950195 
     0.015646259   -0.35412597656  -0.35412597656 
     0.015668934   -0.33538818359  -0.33538818359 
      0.01569161   -0.32794189453  -0.32794189453 
     0.015714286   -0.32022094727  -0.32022094727 
     0.015736961   -0.31848144531  -0.31848144531 
     0.015759637   -0.31500244141  -0.31500244141 
     0.015782313   -0.31506347656  -0.31506347656 
     0.015804989   -0.31323242188  -0.31323242188 
     0.015827664   -0.31356811523  -0.31356811523 
      0.01585034          -0.3125         -0.3125 
     0.015873016   -0.31228637695  -0.31228637695 
     0.015895692   -0.31213378906  -0.31213378906 
     0.015918367   -0.30902099609  -0.30902099609 
     0.015941043   -0.31451416016  -0.31451416016 
     0.015963719   -0.26147460938  -0.26147460938 
     0.015986395    0.15216064453   0.15216064453 
      0.01600907    0.45440673828   0.45440673828 
     0.016031746    0.44024658203   0.44024658203 
     0.016054422    0.37451171875   0.37451171875 
     0.016077098    0.29187011719   0.29187011719 
     0.016099773    0.23870849609   0.23870849609 
     0.016122449    0.19485473633   0.19485473633 
     0.016145125    0.17333984375   0.17333984375 
       0.0161678    0.15426635742   0.15426635742 
     0.016190476    0.14819335938   0.14819335938 
     0.016213152    0.13949584961   0.13949584961 
     0.016235828    0.13940429688   0.13940429688 
     0.016258503    0.13436889648   0.13436889648 
     0.016281179    0.13650512695   0.13650512695 
     0.016303855     0.1325378418    0.1325378418 
     0.016326531    0.13562011719   0.13562011719 
     0.016349206    0.13174438477   0.13174438477 
     0.016371882    0.13540649414   0.13540649414 
     0.016394558    0.13128662109   0.13128662109 
     0.016417234    0.13479614258   0.13479614258 
     0.016439909    0.13293457031   0.13293457031 
     0.016462585    0.11135864258   0.11135864258 
     0.016485261   -0.25982666016  -0.25982666016 
     0.016507937   -0.61404418945  -0.61404418945 
     0.016530612   -0.62316894531  -0.62316894531 
     0.016553288   -0.56484985352  -0.56484985352 
     0.016575964   -0.48138427734  -0.48138427734 
     0.016598639   -0.42587280273  -0.42587280273 
     0.016621315   -0.38009643555  -0.38009643555 
     0.016643991    -0.3561706543   -0.3561706543 
     0.016666667   -0.33666992188  -0.33666992188 
     0.016689342   -0.32873535156  -0.32873535156 
     0.016712018   -0.32064819336  -0.32064819336 
     0.016734694   -0.31881713867  -0.31881713867 
      0.01675737   -0.31506347656  -0.31506347656 
     0.016780045   -0.31530761719  -0.31530761719 
     0.016802721   -0.31307983398  -0.31307983398 
     0.016825397   -0.31387329102  -0.31387329102 
     0.016848073   -0.31216430664  -0.31216430664 
     0.016870748   -0.31289672852  -0.31289672852 
     0.016893424   -0.31134033203  -0.31134033203 
       0.0169161   -0.31072998047  -0.31072998047 
     0.016938776   -0.31115722656  -0.31115722656 
     0.016961451   -0.28216552734  -0.28216552734 
     0.016984127    0.10342407227   0.10342407227 
     0.017006803    0.44354248047   0.44354248047 
     0.017029478    0.44564819336   0.44564819336 
     0.017052154    0.38278198242   0.38278198242 
      0.01707483    0.29861450195   0.29861450195 
     0.017097506    0.24380493164   0.24380493164 
     0.017120181    0.19793701172   0.19793701172 
     0.017142857    0.17556762695   0.17556762695 
     0.017165533    0.15533447266   0.15533447266 
     0.017188209    0.14910888672   0.14910888672 
     0.017210884    0.13973999023   0.13973999023 
      0.01723356    0.13983154297   0.13983154297 
     0.017256236    0.13433837891   0.13433837891 
     0.017278912    0.13674926758   0.13674926758 
     0.017301587    0.13241577148   0.13241577148 
     0.017324263    0.13586425781   0.13586425781 
     0.017346939    0.13153076172   0.13153076172 
     0.017369615     0.1357421875    0.1357421875 
      0.01739229    0.13082885742   0.13082885742 
     0.017414966     0.1357421875    0.1357421875 
     0.017437642    0.13055419922   0.13055419922 
     0.017460317    0.12539672852   0.12539672852 
     0.017482993   -0.21035766602  -0.21035766602 
     0.017505669   -0.59744262695  -0.59744262695 
     0.017528345   -0.62817382812  -0.62817382812 
      0.01755102   -0.57214355469  -0.57214355469 
     0.017573696   -0.48892211914  -0.48892211914 
     0.017596372   -0.43072509766  -0.43072509766 
     0.017619048   -0.38375854492  -0.38375854492 
     0.017641723   -0.35815429688  -0.35815429688 
     0.017664399    -0.3381652832   -0.3381652832 
     0.017687075   -0.32943725586  -0.32943725586 
     0.017709751   -0.32119750977  -0.32119750977 
     0.017732426   -0.31909179688  -0.31909179688 
     0.017755102   -0.31524658203  -0.31524658203 
     0.017777778   -0.31546020508  -0.31546020508 
     0.017800454   -0.31304931641  -0.31304931641 
     0.017823129   -0.31411743164  -0.31411743164 
     0.017845805   -0.31188964844  -0.31188964844 
     0.017868481   -0.31338500977  -0.31338500977 
     0.017891156   -0.31066894531  -0.31066894531 
     0.017913832   -0.31219482422  -0.31219482422 
     0.017936508   -0.30822753906  -0.30822753906 
     0.017959184   -0.29815673828  -0.29815673828 
     0.017981859   0.053955078125  0.053955078125 
     0.018004535    0.42852783203   0.42852783203 
     0.018027211    0.45086669922   0.45086669922 
     0.018049887         0.390625        0.390625 
     0.018072562    0.30587768555   0.30587768555 
     0.018095238    0.24887084961   0.24887084961 
     0.018117914    0.20132446289   0.20132446289 
      0.01814059    0.17767333984   0.17767333984 
     0.018163265    0.15661621094   0.15661621094 
     0.018185941    0.14990234375   0.14990234375 
     0.018208617    0.14016723633   0.14016723633 
     0.018231293    0.14010620117   0.14010620117 
     0.018253968     0.1344909668    0.1344909668 
     0.018276644    0.13684082031   0.13684082031 
      0.01829932    0.13247680664   0.13247680664 
     0.018321995    0.13589477539   0.13589477539 
     0.018344671    0.13153076172   0.13153076172 
     0.018367347    0.13583374023   0.13583374023 
     0.018390023    0.13061523438   0.13061523438 
     0.018412698    0.13632202148   0.13632202148 
     0.018435374       0.12890625      0.12890625 
      0.01845805    0.13525390625   0.13525390625 
     0.018480726   -0.16162109375  -0.16162109375 
     0.018503401   -0.57623291016  -0.57623291016 
     0.018526077   -0.63290405273  -0.63290405273 
     0.018548753   -0.57894897461  -0.57894897461 
     0.018571429   -0.49694824219  -0.49694824219 
     0.018594104   -0.43557739258  -0.43557739258 
      0.01861678   -0.38778686523  -0.38778686523 
     0.018639456   -0.36013793945  -0.36013793945 
     0.018662132   -0.33981323242  -0.33981323242 
     0.018684807     -0.330078125    -0.330078125 
     0.018707483   -0.32183837891  -0.32183837891 
     0.018730159   -0.31924438477  -0.31924438477 
     0.018752834   -0.31549072266  -0.31549072266 
      0.01877551   -0.31552124023  -0.31552124023 
     0.018798186   -0.31307983398  -0.31307983398 
     0.018820862   -0.31423950195  -0.31423950195 
     0.018843537   -0.31176757812  -0.31176757812 
     0.018866213    -0.3137512207   -0.3137512207 
     0.018888889   -0.31015014648  -0.31015014648 
     0.018911565   -0.31338500977  -0.31338500977 
      0.01893424    -0.3059387207   -0.3059387207 
     0.018956916   -0.30981445312  -0.30981445312 
     0.018979592  0.0047912597656 0.0047912597656 
     0.019002268    0.40908813477   0.40908813477 
     0.019024943    0.45581054688   0.45581054688 
     0.019047619    0.39804077148   0.39804077148 
     0.019070295    0.31359863281   0.31359863281 
     0.019092971    0.25387573242   0.25387573242 
     0.019115646    0.20510864258   0.20510864258 
     0.019138322        0.1796875       0.1796875 
     0.019160998    0.15817260742   0.15817260742 
     0.019183673    0.15054321289   0.15054321289 
     0.019206349    0.14083862305   0.14083862305 
     0.019229025    0.14019775391   0.14019775391 
     0.019251701    0.13482666016   0.13482666016 
     0.019274376    0.13674926758   0.13674926758 
     0.019297052    0.13269042969   0.13269042969 
     0.019319728     0.1357421875    0.1357421875 
     0.019342404    0.13174438477   0.13174438477 
     0.019365079    0.13568115234   0.13568115234 
     0.019387755    0.13073730469   0.13073730469 
     0.019410431    0.13647460938   0.13647460938 
     0.019433107    0.12796020508   0.12796020508 
     0.019455782    0.14144897461   0.14144897461 
     0.019478458   -0.11456298828  -0.11456298828 
     0.019501134   -0.55035400391  -0.55035400391 
      0.01952381   -0.63702392578  -0.63702392578 
     0.019546485   -0.58529663086  -0.58529663086 
     0.019569161   -0.50531005859  -0.50531005859 
     0.019591837    -0.4404296875   -0.4404296875 
     0.019614512   -0.39205932617  -0.39205932617 
     0.019637188   -0.36206054688  -0.36206054688 
     0.019659864   -0.34161376953  -0.34161376953 
      0.01968254   -0.33068847656  -0.33068847656 
     0.019705215   -0.32260131836  -0.32260131836 
     0.019727891   -0.31936645508  -0.31936645508 
     0.019750567   -0.31582641602  -0.31582641602 
     0.019773243   -0.31552124023  -0.31552124023 
     0.019795918   -0.31323242188  -0.31323242188 
     0.019818594   -0.31427001953  -0.31427001953 
      0.01984127   -0.31176757812  -0.31176757812 
     0.019863946   -0.31396484375  -0.31396484375 
     0.019886621   -0.30990600586  -0.30990600586 
     0.019909297   -0.31420898438  -0.31420898438 
     0.019931973    -0.3044128418   -0.3044128418 
     0.019954649   -0.31753540039  -0.31753540039 
     0.019977324  -0.043121337891 -0.043121337891 
            0.02     0.3850402832    0.3850402832 
     0.020022676     0.4602355957    0.4602355957 
     0.020045351     0.4049987793    0.4049987793 
     0.020068027    0.32174682617   0.32174682617 
     0.020090703    0.25885009766   0.25885009766 
     0.020113379    0.20922851562   0.20922851562 
     0.020136054      0.181640625     0.181640625 
      0.02015873    0.15994262695   0.15994262695 
     0.020181406    0.15106201172   0.15106201172 
     0.020204082    0.14166259766   0.14166259766 
     0.020226757    0.14016723633   0.14016723633 
     0.020249433    0.13531494141   0.13531494141 
     0.020272109    0.13653564453   0.13653564453 
     0.020294785    0.13311767578   0.13311767578 
      0.02031746    0.13540649414   0.13540649414 
     0.020340136    0.13214111328   0.13214111328 
     0.020362812    0.13531494141   0.13531494141 
     0.020385488     0.1311340332    0.1311340332 
     0.020408163    0.13626098633   0.13626098633 
     0.020430839    0.12780761719   0.12780761719 
     0.020453515    0.14462280273   0.14462280273 
      0.02047619  -0.070007324219 -0.070007324219 
     0.020498866    -0.5198059082   -0.5198059082 
     0.020521542   -0.64025878906  -0.64025878906 
     0.020544218   -0.59124755859  -0.59124755859 
     0.020566893    -0.5139465332   -0.5139465332 
     0.020589569   -0.44537353516  -0.44537353516 
     0.020612245   -0.39663696289  -0.39663696289 
     0.020634921   -0.36407470703  -0.36407470703 
     0.020657596   -0.34359741211  -0.34359741211 
     0.020680272   -0.33126831055  -0.33126831055 
     0.020702948   -0.32345581055  -0.32345581055 
     0.020725624   -0.31945800781  -0.31945800781 
     0.020748299   -0.31622314453  -0.31622314453 
     0.020770975   -0.31546020508  -0.31546020508 
     0.020793651   -0.31344604492  -0.31344604492 
     0.020816327   -0.31420898438  -0.31420898438 
     0.020839002   -0.31188964844  -0.31188964844 
     0.020861678   -0.31396484375  -0.31396484375 
     0.020884354   -0.30987548828  -0.30987548828 
     0.020907029   -0.31460571289  -0.31460571289 
     0.020929705    -0.3037109375   -0.3037109375 
     0.020952381   -0.32189941406  -0.32189941406 
     0.020975057    -0.0888671875   -0.0888671875 
     0.020997732    0.35632324219   0.35632324219 
     0.021020408    0.46383666992   0.46383666992 
     0.021043084    0.41152954102   0.41152954102 
      0.02106576    0.33029174805   0.33029174805 
     0.021088435    0.26382446289   0.26382446289 
     0.021111111    0.21371459961   0.21371459961 
     0.021133787    0.18356323242   0.18356323242 
     0.021156463    0.16195678711   0.16195678711 
     0.021179138    0.15148925781   0.15148925781 
     0.021201814    0.14263916016   0.14263916016 
      0.02122449    0.14004516602   0.14004516602 
     0.021247166    0.13595581055   0.13595581055 
     0.021269841    0.13613891602   0.13613891602 
     0.021292517    0.13363647461   0.13363647461 
     0.021315193    0.13494873047   0.13494873047 
     0.021337868    0.13269042969   0.13269042969 
     0.021360544      0.134765625     0.134765625 
      0.02138322    0.13171386719   0.13171386719 
     0.021405896    0.13568115234   0.13568115234 
     0.021428571    0.12829589844   0.12829589844 
     0.021451247    0.14529418945   0.14529418945 
     0.021473923  -0.028747558594 -0.028747558594 
     0.021496599   -0.48474121094  -0.48474121094 
     0.021519274   -0.64218139648  -0.64218139648 
      0.02154195   -0.59686279297  -0.59686279297 
     0.021564626   -0.52276611328  -0.52276611328 
     0.021587302   -0.45050048828  -0.45050048828 
     0.021609977   -0.40133666992  -0.40133666992 
     0.021632653    -0.3662109375   -0.3662109375 
     0.021655329   -0.34564208984  -0.34564208984 
     0.021678005   -0.33187866211  -0.33187866211 
      0.02170068   -0.32437133789  -0.32437133789 
     0.021723356   -0.31951904297  -0.31951904297 
     0.021746032    -0.3166809082   -0.3166809082 
     0.021768707   -0.31536865234  -0.31536865234 
     0.021791383   -0.31372070312  -0.31372070312 
     0.021814059   -0.31405639648  -0.31405639648 
     0.021836735   -0.31210327148  -0.31210327148 
      0.02185941   -0.31384277344  -0.31384277344 
     0.021882086   -0.31005859375  -0.31005859375 
     0.021904762   -0.31463623047  -0.31463623047 
     0.021927438   -0.30377197266  -0.30377197266 
     0.021950113   -0.32348632812  -0.32348632812 
     0.021972789   -0.13168334961  -0.13168334961 
     0.021995465    0.32299804688   0.32299804688 
     0.022018141    0.46624755859   0.46624755859 
     0.022040816     0.4176940918    0.4176940918 
     0.022063492    0.33911132812   0.33911132812 
     0.022086168    0.26892089844   0.26892089844 
     0.022108844    0.21844482422   0.21844482422 
     0.022131519    0.18548583984   0.18548583984 
     0.022154195    0.16412353516   0.16412353516 
     0.022176871    0.15188598633   0.15188598633 
     0.022199546    0.14373779297   0.14373779297 
     0.022222222    0.13983154297   0.13983154297 
     0.022244898    0.13668823242   0.13668823242 
     0.022267574     0.1357421875    0.1357421875 
     0.022290249    0.13424682617   0.13424682617 
     0.022312925    0.13439941406   0.13439941406 
     0.022335601    0.13333129883   0.13333129883 
     0.022358277    0.13412475586   0.13412475586 
     0.022380952    0.13247680664   0.13247680664 
     0.022403628    0.13485717773   0.13485717773 
     0.022426304    0.12927246094   0.12927246094 
      0.02244898    0.14419555664   0.14419555664 
     0.022471655  0.0085144042969 0.0085144042969 
     0.022494331   -0.44552612305  -0.44552612305 
     0.022517007   -0.64227294922  -0.64227294922 
     0.022539683    -0.6022644043   -0.6022644043 
     0.022562358   -0.53164672852  -0.53164672852 
     0.022585034   -0.45590209961  -0.45590209961 
      0.02260771   -0.40621948242  -0.40621948242 
     0.022630385   -0.36846923828  -0.36846923828 
     0.022653061   -0.34777832031  -0.34777832031 
     0.022675737   -0.33258056641  -0.33258056641 
     0.022698413   -0.32528686523  -0.32528686523 
     0.022721088   -0.31958007812  -0.31958007812 
     0.022743764   -0.31716918945  -0.31716918945 
      0.02276644   -0.31524658203  -0.31524658203 
     0.022789116   -0.31405639648  -0.31405639648 
     0.022811791   -0.31384277344  -0.31384277344 
     0.022834467   -0.31243896484  -0.31243896484 
     0.022857143   -0.31359863281  -0.31359863281 
     0.022879819   -0.31048583984  -0.31048583984 
     0.022902494   -0.31430053711  -0.31430053711 
      0.02292517   -0.30450439453  -0.30450439453 
     0.022947846   -0.32293701172  -0.32293701172 
     0.022970522   -0.17080688477  -0.17080688477 
     0.022993197    0.28540039062   0.28540039062 
     0.023015873    0.46704101562   0.46704101562 
     0.023038549    0.42358398438   0.42358398438 
     0.023061224    0.34805297852   0.34805297852 
       0.0230839    0.27420043945   0.27420043945 
     0.023106576     0.2233581543    0.2233581543 
     0.023129252    0.18753051758   0.18753051758 
     0.023151927    0.16638183594   0.16638183594 
     0.023174603    0.15231323242   0.15231323242 
     0.023197279    0.14489746094   0.14489746094 
     0.023219955    0.13961791992   0.13961791992 
      0.02324263     0.1374206543    0.1374206543 
     0.023265306    0.13528442383   0.13528442383 
     0.023287982    0.13491821289   0.13491821289 
     0.023310658    0.13381958008   0.13381958008 
     0.023333333    0.13400268555   0.13400268555 
     0.023356009    0.13342285156   0.13342285156 
     0.023378685    0.13330078125   0.13330078125 
     0.023401361    0.13391113281   0.13391113281 
     0.023424036    0.13061523438   0.13061523438 
     0.023446712     0.1418762207    0.1418762207 
     0.023469388   0.041351318359  0.041351318359 
     0.023492063   -0.40267944336  -0.40267944336 
     0.023514739   -0.64004516602  -0.64004516602 
     0.023537415   -0.60757446289  -0.60757446289 
     0.023560091   -0.54037475586  -0.54037475586 
     0.023582766   -0.46160888672  -0.46160888672 
     0.023605442    -0.4111328125   -0.4111328125 
     0.023628118   -0.37094116211  -0.37094116211 
     0.023650794   -0.34991455078  -0.34991455078 
     0.023673469   -0.33337402344  -0.33337402344 
     0.023696145   -0.32623291016  -0.32623291016 
     0.023718821   -0.31973266602  -0.31973266602 
     0.023741497   -0.31762695312  -0.31762695312 
     0.023764172   -0.31512451172  -0.31512451172 
     0.023786848   -0.31442260742  -0.31442260742 
     0.023809524   -0.31362915039  -0.31362915039 
       0.0238322   -0.31280517578  -0.31280517578 
     0.023854875   -0.31326293945  -0.31326293945 
     0.023877551   -0.31100463867  -0.31100463867 
     0.023900227   -0.31372070312  -0.31372070312 
     0.023922902   -0.30575561523  -0.30575561523 
     0.023945578   -0.32086181641  -0.32086181641 
     0.023968254   -0.20571899414  -0.20571899414 
      0.02399093    0.24398803711   0.24398803711 
     0.024013605    0.46566772461   0.46566772461 
     0.024036281    0.42926025391   0.42926025391 
     0.024058957    0.35702514648   0.35702514648 
     0.024081633    0.27972412109   0.27972412109 
     0.024104308    0.22842407227   0.22842407227 
     0.024126984     0.1897277832    0.1897277832 
      0.02414966    0.16870117188   0.16870117188 
     0.024172336    0.15280151367   0.15280151367 
     0.024195011    0.14605712891   0.14605712891 
     0.024217687    0.13946533203   0.13946533203 
     0.024240363    0.13815307617   0.13815307617 
     0.024263039    0.13485717773   0.13485717773 
     0.024285714    0.13552856445   0.13552856445 
      0.02430839    0.13330078125   0.13330078125 
     0.024331066    0.13464355469   0.13464355469 
     0.024353741    0.13275146484   0.13275146484 
     0.024376417    0.13412475586   0.13412475586 
     0.024399093    0.13290405273   0.13290405273 
     0.024421769    0.13208007812   0.13208007812 
     0.024444444     0.1389465332    0.1389465332 
      0.02446712   0.069519042969  0.069519042969 
     0.024489796   -0.35690307617  -0.35690307617 
     0.024512472   -0.63494873047  -0.63494873047 
     0.024535147   -0.61279296875  -0.61279296875 
     0.024557823   -0.54891967773  -0.54891967773 
     0.024580499   -0.46774291992  -0.46774291992 
     0.024603175   -0.41607666016  -0.41607666016 
      0.02462585   -0.37365722656  -0.37365722656 
     0.024648526   -0.35205078125  -0.35205078125 
     0.024671202   -0.33428955078  -0.33428955078 
     0.024693878   -0.32711791992  -0.32711791992 
     0.024716553   -0.31991577148  -0.31991577148 
     0.024739229    -0.3180847168   -0.3180847168 
     0.024761905   -0.31503295898  -0.31503295898 
      0.02478458   -0.31475830078  -0.31475830078 
     0.024807256   -0.31338500977  -0.31338500977 
     0.024829932   -0.31317138672  -0.31317138672 
     0.024852608   -0.31286621094  -0.31286621094 
     0.024875283   -0.31164550781  -0.31164550781 
     0.024897959   -0.31295776367  -0.31295776367 
     0.024920635   -0.30731201172  -0.30731201172 
     0.024943311   -0.31787109375  -0.31787109375 
     0.024965986   -0.23599243164  -0.23599243164 
     0.024988662    0.19931030273   0.19931030273 
     0.025011338     0.4616394043    0.4616394043 
     0.025034014    0.43478393555   0.43478393555 
     0.025056689    0.36587524414   0.36587524414 
     0.025079365    0.28558349609   0.28558349609 
     0.025102041    0.23355102539   0.23355102539 
     0.025124717    0.19213867188   0.19213867188 
     0.025147392    0.17105102539   0.17105102539 
     0.025170068    0.15347290039   0.15347290039 
     0.025192744     0.1471862793    0.1471862793 
      0.02521542    0.13940429688   0.13940429688 
     0.025238095    0.13882446289   0.13882446289 
     0.025260771    0.13455200195   0.13455200195 
     0.025283447    0.13607788086   0.13607788086 
     0.025306122    0.13284301758   0.13284301758 
     0.025328798    0.13522338867   0.13522338867 
     0.025351474    0.13217163086   0.13217163086 
      0.02537415    0.13485717773   0.13485717773 
     0.025396825    0.13201904297   0.13201904297 
     0.025419501     0.1335144043    0.1335144043 
     0.025442177    0.13580322266   0.13580322266 
     0.025464853   0.092834472656  0.092834472656 
     0.025487528   -0.30899047852  -0.30899047852 
     0.025510204   -0.62643432617  -0.62643432617 
      0.02553288   -0.61801147461  -0.61801147461 
     0.025555556   -0.55709838867  -0.55709838867 
     0.025578231   -0.47430419922  -0.47430419922 
     0.025600907   -0.42102050781  -0.42102050781 
     0.025623583   -0.37673950195  -0.37673950195 
     0.025646259   -0.35412597656  -0.35412597656 
     0.025668934   -0.33538818359  -0.33538818359 
      0.02569161   -0.32794189453  -0.32794189453 
     0.025714286   -0.32022094727  -0.32022094727 
     0.025736961   -0.31848144531  -0.31848144531 
     0.025759637   -0.31500244141  -0.31500244141 
     0.025782313   -0.31506347656  -0.31506347656 
     0.025804989   -0.31323242188  -0.31323242188 
     0.025827664   -0.31356811523  -0.31356811523 
      0.02585034          -0.3125         -0.3125 
     0.025873016   -0.31228637695  -0.31228637695 
     0.025895692   -0.31213378906  -0.31213378906 
     0.025918367   -0.30902099609  -0.30902099609 
     0.025941043   -0.31451416016  -0.31451416016 
     0.025963719   -0.26147460938  -0.26147460938 
     0.025986395    0.15219116211   0.15219116211 
      0.02600907    0.45440673828   0.45440673828 
     0.026031746    0.44024658203   0.44024658203 
     0.026054422    0.37451171875   0.37451171875 
     0.026077098    0.29187011719   0.29187011719 
     0.026099773    0.23870849609   0.23870849609 
     0.026122449    0.19485473633   0.19485473633 
     0.026145125    0.17333984375   0.17333984375 
       0.0261678    0.15426635742   0.15426635742 
     0.026190476    0.14819335938   0.14819335938 
     0.026213152    0.13949584961   0.13949584961 
     0.026235828    0.13940429688   0.13940429688 
     0.026258503    0.13436889648   0.13436889648 
     0.026281179    0.13647460938   0.13647460938 
     0.026303855     0.1325378418    0.1325378418 
     0.026326531    0.13562011719   0.13562011719 
     0.026349206    0.13174438477   0.13174438477 
     0.026371882    0.13540649414   0.13540649414 
     0.026394558    0.13128662109   0.13128662109 
     0.026417234    0.13479614258   0.13479614258 
     0.026439909    0.13293457031   0.13293457031 
     0.026462585    0.11135864258   0.11135864258 
     0.026485261   -0.25982666016  -0.25982666016 
     0.026507937   -0.61407470703  -0.61407470703 
     0.026530612   -0.62313842773  -0.62313842773 
     0.026553288   -0.56484985352  -0.56484985352 
     0.026575964   -0.48138427734  -0.48138427734 
     0.026598639   -0.42587280273  -0.42587280273 
     0.026621315   -0.38009643555  -0.38009643555 
     0.026643991    -0.3561706543   -0.3561706543 
     0.026666667   -0.33666992188  -0.33666992188 
     0.026689342   -0.32873535156  -0.32873535156 
     0.026712018   -0.32064819336  -0.32064819336 
     0.026734694   -0.31881713867  -0.31881713867 
      0.02675737   -0.31509399414  -0.31509399414 
     0.026780045   -0.31530761719  -0.31530761719 
     0.026802721   -0.31307983398  -0.31307983398 
     0.026825397   -0.31387329102  -0.31387329102 
     0.026848073   -0.31216430664  -0.31216430664 
     0.026870748   -0.31289672852  -0.31289672852 
     0.026893424   -0.31134033203  -0.31134033203 
       0.0269161   -0.31072998047  -0.31072998047 
     0.026938776   -0.31115722656  -0.31115722656 
     0.026961451   -0.28216552734  -0.28216552734 
     0.026984127    0.10342407227   0.10342407227 
     0.027006803    0.44351196289   0.44351196289 
     0.027029478    0.44564819336   0.44564819336 
     0.027052154    0.38278198242   0.38278198242 
      0.02707483    0.29861450195   0.29861450195 
     0.027097506    0.24380493164   0.24380493164 
     0.027120181    0.19793701172   0.19793701172 
     0.027142857    0.17556762695   0.17556762695 
     0.027165533    0.15533447266   0.15533447266 
     0.027188209    0.14910888672   0.14910888672 
     0.027210884    0.13973999023   0.13973999023 
      0.02723356    0.13983154297   0.13983154297 
     0.027256236    0.13433837891   0.13433837891 
     0.027278912    0.13674926758   0.13674926758 
     0.027301587    0.13241577148   0.13241577148 
     0.027324263    0.13586425781   0.13586425781 
     0.027346939    0.13153076172   0.13153076172 
     0.027369615     0.1357421875    0.1357421875 
      0.02739229    0.13082885742   0.13082885742 
     0.027414966     0.1357421875    0.1357421875 
     0.027437642    0.13055419922   0.13055419922 
     0.027460317    0.12539672852   0.12539672852 
     0.027482993   -0.21038818359  -0.21038818359 
     0.027505669   -0.59744262695  -0.59744262695 
     0.027528345   -0.62817382812  -0.62817382812 
      0.02755102   -0.57211303711  -0.57211303711 
     0.027573696   -0.48892211914  -0.48892211914 
     0.027596372   -0.43072509766  -0.43072509766 
     0.027619048    -0.3837890625   -0.3837890625 
     0.027641723   -0.35815429688  -0.35815429688 
     0.027664399    -0.3381652832   -0.3381652832 
     0.027687075   -0.32943725586  -0.32943725586 
     0.027709751   -0.32119750977  -0.32119750977 
     0.027732426   -0.31909179688  -0.31909179688 
     0.027755102   -0.31524658203  -0.31524658203 
     0.027777778   -0.31546020508  -0.31546020508 
     0.027800454   -0.31304931641  -0.31304931641 
     0.027823129   -0.31411743164  -0.31411743164 
     0.027845805   -0.31188964844  -0.31188964844 
     0.027868481   -0.31338500977  -0.31338500977 
     0.027891156   -0.31066894531  -0.31066894531 
     0.027913832   -0.31219482422  -0.31219482422 
     0.027936508   -0.30822753906  -0.30822753906 
     0.027959184   -0.29815673828  -0.29815673828 
     0.027981859   0.053955078125  0.053955078125 
     0.028004535    0.42852783203   0.42852783203 
     0.028027211    0.45086669922   0.45086669922 
     0.028049887         0.390625        0.390625 
     0.028072562    0.30587768555   0.30587768555 
     0.028095238    0.24887084961   0.24887084961 
     0.028117914    0.20132446289   0.20132446289 
      0.02814059    0.17767333984   0.17767333984 
     0.028163265    0.15661621094   0.15661621094 
     0.028185941    0.14990234375   0.14990234375 
     0.028208617    0.14019775391   0.14019775391 
     0.028231293    0.14010620117   0.14010620117 
     0.028253968     0.1344909668    0.1344909668 
     0.028276644    0.13684082031   0.13684082031 
      0.02829932    0.13247680664   0.13247680664 
     0.028321995    0.13589477539   0.13589477539 
     0.028344671    0.13153076172   0.13153076172 
     0.028367347    0.13583374023   0.13583374023 
     0.028390023    0.13061523438   0.13061523438 
     0.028412698    0.13632202148   0.13632202148 
     0.028435374       0.12890625      0.12890625 
      0.02845805    0.13525390625   0.13525390625 
     0.028480726   -0.16162109375  -0.16162109375 
     0.028503401   -0.57623291016  -0.57623291016 
     0.028526077   -0.63290405273  -0.63290405273 
     0.028548753   -0.57891845703  -0.57891845703 
     0.028571429   -0.49691772461  -0.49691772461 
     0.028594104     -0.435546875    -0.435546875 
      0.02861678   -0.38778686523  -0.38778686523 
     0.028639456   -0.36013793945  -0.36013793945 
     0.028662132   -0.33981323242  -0.33981323242 
     0.028684807     -0.330078125    -0.330078125 
     0.028707483   -0.32183837891  -0.32183837891 
     0.028730159   -0.31924438477  -0.31924438477 
     0.028752834   -0.31549072266  -0.31549072266 
      0.02877551   -0.31552124023  -0.31552124023 
     0.028798186   -0.31307983398  -0.31307983398 
     0.028820862   -0.31423950195  -0.31423950195 
     0.028843537   -0.31176757812  -0.31176757812 
     0.028866213    -0.3137512207   -0.3137512207 
     0.028888889   -0.31015014648  -0.31015014648 
     0.028911565   -0.31338500977  -0.31338500977 
      0.02893424    -0.3059387207   -0.3059387207 
     0.028956916   -0.30981445312  -0.30981445312 
     0.028979592  0.0047912597656 0.0047912597656 
     0.029002268    0.40908813477   0.40908813477 
     0.029024943    0.45581054688   0.45581054688 
     0.029047619    0.39804077148   0.39804077148 
     0.029070295    0.31359863281   0.31359863281 
     0.029092971    0.25387573242   0.25387573242 
     0.029115646    0.20510864258   0.20510864258 
     0.029138322        0.1796875       0.1796875 
     0.029160998    0.15817260742   0.15817260742 
     0.029183673    0.15054321289   0.15054321289 
     0.029206349    0.14083862305   0.14083862305 
     0.029229025    0.14019775391   0.14019775391 
     0.029251701    0.13482666016   0.13482666016 
     0.029274376    0.13674926758   0.13674926758 
     0.029297052    0.13269042969   0.13269042969 
     0.029319728     0.1357421875    0.1357421875 
     0.029342404    0.13174438477   0.13174438477 
     0.029365079    0.13568115234   0.13568115234 
     0.029387755    0.13073730469   0.13073730469 
     0.029410431    0.13647460938   0.13647460938 
     0.029433107    0.12799072266   0.12799072266 
     0.029455782    0.14144897461   0.14144897461 
     0.029478458   -0.11456298828  -0.11456298828 
     0.029501134   -0.55035400391  -0.55035400391 
      0.02952381   -0.63702392578  -0.63702392578 
     0.029546485   -0.58526611328  -0.58526611328 
     0.029569161   -0.50531005859  -0.50531005859 
     0.029591837   -0.44039916992  -0.44039916992 
     0.029614512   -0.39208984375  -0.39208984375 
     0.029637188   -0.36206054688  -0.36206054688 
     0.029659864   -0.34164428711  -0.34164428711 
      0.02968254   -0.33068847656  -0.33068847656 
     0.029705215   -0.32260131836  -0.32260131836 
     0.029727891   -0.31936645508  -0.31936645508 
     0.029750567   -0.31582641602  -0.31582641602 
     0.029773243   -0.31552124023  -0.31552124023 
     0.029795918   -0.31323242188  -0.31323242188 
     0.029818594   -0.31427001953  -0.31427001953 
      0.02984127   -0.31176757812  -0.31176757812 
     0.029863946   -0.31396484375  -0.31396484375 
     0.029886621   -0.30990600586  -0.30990600586 
     0.029909297   -0.31420898438  -0.31420898438 
     0.029931973    -0.3044128418   -0.3044128418 
     0.029954649   -0.31753540039  -0.31753540039 
     0.029977324  -0.043090820312 -0.043090820312 
            0.03     0.3850402832    0.3850402832 
     0.030022676     0.4602355957    0.4602355957 
     0.030045351     0.4049987793    0.4049987793 
     0.030068027    0.32174682617   0.32174682617 
     0.030090703    0.25885009766   0.25885009766 
     0.030113379    0.20922851562   0.20922851562 
     0.030136054      0.181640625     0.181640625 
      0.03015873    0.15994262695   0.15994262695 
     0.030181406    0.15103149414   0.15103149414 
     0.030204082    0.14166259766   0.14166259766 
     0.030226757    0.14016723633   0.14016723633 
     0.030249433    0.13531494141   0.13531494141 
     0.030272109    0.13653564453   0.13653564453 
     0.030294785    0.13311767578   0.13311767578 
      0.03031746    0.13540649414   0.13540649414 
     0.030340136    0.13214111328   0.13214111328 
     0.030362812    0.13531494141   0.13531494141 
     0.030385488     0.1311340332    0.1311340332 
     0.030408163    0.13626098633   0.13626098633 
     0.030430839    0.12780761719   0.12780761719 
     0.030453515    0.14462280273   0.14462280273 
      0.03047619  -0.070007324219 -0.070007324219 
     0.030498866    -0.5198059082   -0.5198059082 
     0.030521542   -0.64025878906  -0.64025878906 
     0.030544218   -0.59124755859  -0.59124755859 
     0.030566893    -0.5139465332   -0.5139465332 
     0.030589569   -0.44537353516  -0.44537353516 
     0.030612245   -0.39663696289  -0.39663696289 
     0.030634921   -0.36407470703  -0.36407470703 
     0.030657596   -0.34359741211  -0.34359741211 
     0.030680272   -0.33126831055  -0.33126831055 
     0.030702948   -0.32345581055  -0.32345581055 
     0.030725624   -0.31945800781  -0.31945800781 
     0.030748299   -0.31622314453  -0.31622314453 
     0.030770975   -0.31546020508  -0.31546020508 
     0.030793651   -0.31344604492  -0.31344604492 
     0.030816327   -0.31420898438  -0.31420898438 
     0.030839002   -0.31188964844  -0.31188964844 
     0.030861678   -0.31396484375  -0.31396484375 
     0.030884354   -0.30987548828  -0.30987548828 
     0.030907029   -0.31460571289  -0.31460571289 
     0.030929705    -0.3037109375   -0.3037109375 
     0.030952381   -0.32189941406  -0.32189941406 
     0.030975057    -0.0888671875   -0.0888671875 
     0.030997732    0.35632324219   0.35632324219 
     0.031020408    0.46383666992   0.46383666992 
     0.031043084    0.41152954102   0.41152954102 
      0.03106576    0.33029174805   0.33029174805 
     0.031088435    0.26382446289   0.26382446289 
     0.031111111    0.21371459961   0.21371459961 
     0.031133787    0.18356323242   0.18356323242 
     0.031156463    0.16195678711   0.16195678711 
     0.031179138    0.15148925781   0.15148925781 
     0.031201814    0.14263916016   0.14263916016 
      0.03122449    0.14004516602   0.14004516602 
     0.031247166    0.13595581055   0.13595581055 
     0.031269841    0.13613891602   0.13613891602 
     0.031292517    0.13363647461   0.13363647461 
     0.031315193    0.13494873047   0.13494873047 
     0.031337868    0.13269042969   0.13269042969 
     0.031360544      0.134765625     0.134765625 
      0.03138322    0.13171386719   0.13171386719 
     0.031405896    0.13568115234   0.13568115234 
     0.031428571    0.12829589844   0.12829589844 
     0.031451247    0.14529418945   0.14529418945 
     0.031473923  -0.028747558594 -0.028747558594 
     0.031496599   -0.48474121094  -0.48474121094 
     0.031519274   -0.64218139648  -0.64218139648 
      0.03154195   -0.59686279297  -0.59686279297 
     0.031564626   -0.52276611328  -0.52276611328 
     0.031587302   -0.45050048828  -0.45050048828 
     0.031609977    -0.4013671875   -0.4013671875 
     0.031632653    -0.3662109375   -0.3662109375 
     0.031655329   -0.34564208984  -0.34564208984 
     0.031678005   -0.33187866211  -0.33187866211 
      0.03170068   -0.32437133789  -0.32437133789 
     0.031723356   -0.31951904297  -0.31951904297 
     0.031746032    -0.3166809082   -0.3166809082 
     0.031768707   -0.31536865234  -0.31536865234 
     0.031791383   -0.31372070312  -0.31372070312 
     0.031814059   -0.31405639648  -0.31405639648 
     0.031836735   -0.31210327148  -0.31210327148 
      0.03185941   -0.31384277344  -0.31384277344 
     0.031882086   -0.31005859375  -0.31005859375 
     0.031904762   -0.31463623047  -0.31463623047 
     0.031927438   -0.30374145508  -0.30374145508 
     0.031950113   -0.32348632812  -0.32348632812 
     0.031972789   -0.13168334961  -0.13168334961 
     0.031995465    0.32299804688   0.32299804688 
     0.032018141    0.46624755859   0.46624755859 
     0.032040816     0.4176940918    0.4176940918 
     0.032063492    0.33911132812   0.33911132812 
     0.032086168    0.26892089844   0.26892089844 
     0.032108844    0.21844482422   0.21844482422 
     0.032131519    0.18548583984   0.18548583984 
     0.032154195    0.16412353516   0.16412353516 
     0.032176871    0.15188598633   0.15188598633 
     0.032199546    0.14373779297   0.14373779297 
     0.032222222    0.13983154297   0.13983154297 
     0.032244898    0.13668823242   0.13668823242 
     0.032267574     0.1357421875    0.1357421875 
     0.032290249    0.13424682617   0.13424682617 
     0.032312925    0.13439941406   0.13439941406 
     0.032335601    0.13333129883   0.13333129883 
     0.032358277    0.13412475586   0.13412475586 
     0.032380952    0.13247680664   0.13247680664 
     0.032403628    0.13485717773   0.13485717773 
     0.032426304    0.12927246094   0.12927246094 
      0.03244898    0.14419555664   0.14419555664 
     0.032471655  0.0084838867188 0.0084838867188 
     0.032494331   -0.44555664062  -0.44555664062 
     0.032517007   -0.64227294922  -0.64227294922 
     0.032539683    -0.6022644043   -0.6022644043 
     0.032562358   -0.53164672852  -0.53164672852 
     0.032585034   -0.45587158203  -0.45587158203 
      0.03260771   -0.40621948242  -0.40621948242 
     0.032630385   -0.36846923828  -0.36846923828 
     0.032653061   -0.34777832031  -0.34777832031 
     0.032675737   -0.33258056641  -0.33258056641 
     0.032698413   -0.32528686523  -0.32528686523 
     0.032721088    -0.3196105957   -0.3196105957 
     0.032743764   -0.31716918945  -0.31716918945 
      0.03276644   -0.31524658203  -0.31524658203 
     0.032789116   -0.31405639648  -0.31405639648 
     0.032811791   -0.31384277344  -0.31384277344 
     0.032834467   -0.31243896484  -0.31243896484 
     0.032857143   -0.31359863281  -0.31359863281 
     0.032879819   -0.31048583984  -0.31048583984 
     0.032902494   -0.31430053711  -0.31430053711 
      0.03292517   -0.30450439453  -0.30450439453 
     0.032947846   -0.32293701172  -0.32293701172 
     0.032970522   -0.17080688477  -0.17080688477 
     0.032993197    0.28540039062   0.28540039062 
     0.033015873    0.46704101562   0.46704101562 
     0.033038549    0.42358398438   0.42358398438 
     0.033061224    0.34805297852   0.34805297852 
       0.0330839    0.27420043945   0.27420043945 
     0.033106576     0.2233581543    0.2233581543 
     0.033129252    0.18753051758   0.18753051758 
     0.033151927    0.16638183594   0.16638183594 
     0.033174603    0.15231323242   0.15231323242 
     0.033197279    0.14489746094   0.14489746094 
     0.033219955    0.13961791992   0.13961791992 
      0.03324263     0.1374206543    0.1374206543 
     0.033265306    0.13528442383   0.13528442383 
     0.033287982    0.13491821289   0.13491821289 
     0.033310658    0.13381958008   0.13381958008 
     0.033333333    0.13400268555   0.13400268555 
     0.033356009    0.13342285156   0.13342285156 
     0.033378685    0.13330078125   0.13330078125 
     0.033401361    0.13391113281   0.13391113281 
     0.033424036    0.13061523438   0.13061523438 
     0.033446712     0.1418762207    0.1418762207 
     0.033469388   0.041351318359  0.041351318359 
     0.033492063   -0.40270996094  -0.40270996094 
     0.033514739   -0.64001464844  -0.64001464844 
     0.033537415   -0.60757446289  -0.60757446289 
     0.033560091   -0.54037475586  -0.54037475586 
     0.033582766   -0.46160888672  -0.46160888672 
     0.033605442    -0.4111328125   -0.4111328125 
     0.033628118   -0.37094116211  -0.37094116211 
     0.033650794   -0.34991455078  -0.34991455078 
     0.033673469   -0.33337402344  -0.33337402344 
     0.033696145   -0.32623291016  -0.32623291016 
     0.033718821   -0.31973266602  -0.31973266602 
     0.033741497   -0.31762695312  -0.31762695312 
     0.033764172   -0.31512451172  -0.31512451172 
     0.033786848   -0.31442260742  -0.31442260742 
     0.033809524   -0.31362915039  -0.31362915039 
       0.0338322    -0.3127746582   -0.3127746582 
     0.033854875   -0.31326293945  -0.31326293945 
     0.033877551   -0.31100463867  -0.31100463867 
     0.033900227   -0.31372070312  -0.31372070312 
     0.033922902   -0.30575561523  -0.30575561523 
     0.033945578   -0.32086181641  -0.32086181641 
     0.033968254   -0.20571899414  -0.20571899414 
      0.03399093    0.24398803711   0.24398803711 
     0.034013605    0.46566772461   0.46566772461 
     0.034036281    0.42926025391   0.42926025391 
     0.034058957    0.35702514648   0.35702514648 
     0.034081633    0.27972412109   0.27972412109 
     0.034104308    0.22842407227   0.22842407227 
     0.034126984     0.1897277832    0.1897277832 
      0.03414966    0.16870117188   0.16870117188 
     0.034172336    0.15280151367   0.15280151367 
     0.034195011    0.14605712891   0.14605712891 
     0.034217687    0.13946533203   0.13946533203 
     0.034240363    0.13815307617   0.13815307617 
     0.034263039    0.13485717773   0.13485717773 
     0.034285714    0.13552856445   0.13552856445 
      0.03430839    0.13330078125   0.13330078125 
     0.034331066    0.13464355469   0.13464355469 
     0.034353741    0.13275146484   0.13275146484 
     0.034376417    0.13412475586   0.13412475586 
     0.034399093    0.13290405273   0.13290405273 
     0.034421769    0.13208007812   0.13208007812 
     0.034444444     0.1389465332    0.1389465332 
      0.03446712   0.069519042969  0.069519042969 
     0.034489796   -0.35693359375  -0.35693359375 
     0.034512472   -0.63494873047  -0.63494873047 
     0.034535147   -0.61279296875  -0.61279296875 
     0.034557823   -0.54891967773  -0.54891967773 
     0.034580499   -0.46774291992  -0.46774291992 
     0.034603175   -0.41607666016  -0.41607666016 
      0.03462585   -0.37368774414  -0.37368774414 
     0.034648526   -0.35205078125  -0.35205078125 
     0.034671202   -0.33428955078  -0.33428955078 
     0.034693878   -0.32711791992  -0.32711791992 
     0.034716553   -0.31991577148  -0.31991577148 
     0.034739229    -0.3180847168   -0.3180847168 
     0.034761905   -0.31503295898  -0.31503295898 
      0.03478458   -0.31475830078  -0.31475830078 
     0.034807256   -0.31338500977  -0.31338500977 
