ETC	AudioTools 	v10.19.1 Greg’s iPhone battery  41%	11/10/18, 6:39 PM	UMIK-1	297E0D2C-2342-481F-B5E1-E5B9DE515A74
Time	dB
0	95.3
1.36	105.1
2.73	101.8
4.09	90.5
5.45	86.5
6.81	88.1
8.18	91.9
9.54	87
10.9	82.6
12.27	87.7
13.63	91.5
14.99	90.3
16.35	90.5
17.72	89.1
19.08	91.8
20.44	85.4
21.81	86.1
23.17	83.2
24.53	85.5
25.89	86.3
27.26	89.7
28.62	87.1
29.98	84.9
31.35	86
32.71	84.8
34.07	85.1
35.43	84.6
36.8	83.8
38.16	84.3
39.52	88.1
40.89	85.3
42.25	84.6
43.61	87.3
44.97	86.6
46.34	83.8
47.7	83.5
49.06	80.2
50.43	86
51.79	83.5
53.15	78.2
54.51	78.1
55.88	76.9
57.24	80
58.6	81.7
59.97	76.9
61.33	80.3
62.69	84.3
64.05	78.3
65.42	83.2
66.78	83.4
68.14	83.8
69.51	80.8
70.87	82.3
72.23	82.9
73.59	85.5
74.96	81.6
76.32	79.9
77.68	78.9
79.05	79.2
80.41	80.4
81.77	82.4
83.13	78.2
84.5	76.2
85.86	80.6
87.22	79.4
88.59	80.6
89.95	78.8
91.31	78.4
92.67	80.3
94.04	78.9
95.4	75.9
96.76	76.4
98.13	78
99.49	75.5
100.85	75.9
102.21	76.1
103.58	73.2
104.94	74.2
106.3	71
107.67	72.9
109.03	73.4
110.39	76.4
111.75	75.8
113.12	76.8
114.48	74.5
115.84	76.9
117.21	73.5
118.57	71.8
119.93	74.5
121.29	72.7
122.66	75.6
124.02	69.6
125.38	69
126.75	78
128.11	73.9
129.47	75.2
130.83	71.3
132.2	71.5
133.56	72
134.92	74.1
136.29	70.2
137.65	74.3
139.01	74.5
140.37	73.8
141.74	71.7
143.1	71.5
144.46	74.7
145.83	71.3
147.19	72.9
148.55	73.1
149.91	71.6
151.28	67.9
152.64	69.2
154	70.8
155.37	70.2
156.73	70.1
158.09	66.4
159.45	71.1
160.82	68.3
162.18	69.7
163.54	67.3
164.91	72.4
166.27	69.3
167.63	65.3
168.99	65.9
170.36	68.8
171.72	66.1
173.08	65.5
174.45	67.5
175.81	65.5
177.17	66
178.53	68.4
179.9	66.8
181.26	65.1
182.62	65.5
183.99	68.7
185.35	66.9
186.71	66.4
188.07	66.9
189.44	66
190.8	65.8
192.16	65.1
193.53	70.3
194.89	63.8
196.25	62.7
197.61	66.4
198.98	64.6
200.34	60.3
201.7	63.5
203.07	60.1
204.43	66.4
205.79	65.1
207.16	64.7
208.52	64.6
209.88	64.1
211.24	64.9
212.61	64
213.97	58.2
215.33	62.2
216.7	62.2
218.06	64.4
219.42	62.8
220.78	62.3
222.15	62.5
223.51	63.6
224.87	64.2
226.24	62.8
227.6	63.3
228.96	58.1
230.32	60.1
231.69	63.9
233.05	63.2
234.41	61.1
235.78	58.2
237.14	58.7
238.5	58.5
239.86	61
241.23	60.2
242.59	59.5
243.95	64.6
245.32	61.5
246.68	59.4
248.04	57.6
249.4	59.4
250.77	55
252.13	58.4
253.49	58.4
254.86	60.7
256.22	53.5
257.58	55.9
258.94	55.7
260.31	54.5
261.67	56.2
263.03	53.6
264.4	54.7
265.76	58.6
267.12	57.1
268.48	58.8
269.85	52.9
271.21	56.7
272.57	55.2
273.94	55
275.3	56.8
276.66	57.4
278.02	52.8
279.39	58
280.75	54.5
282.11	56.8
283.48	53.3
284.84	54.9
286.2	57.2
287.56	54.9
288.93	52.5
290.29	54.1
291.65	53.7
293.02	54.1
294.38	53.3
295.74	52
297.1	51.7
298.47	54.6
299.83	54.3
301.19	50
302.56	51.1
303.92	51.2
305.28	55.7
306.64	49.5
308.01	54.5
309.37	54.7
310.73	54.3
312.1	49.2
313.46	50.2
314.82	50.2
316.18	50.2
317.55	49.2
318.91	48.6
320.27	48.3
321.64	50.6
323	50.8
324.36	51.6
325.72	45.5
327.09	51.6
328.45	50.2
329.81	49.2
331.18	50
332.54	48.2
333.9	48.6
335.26	48.6
336.63	48.7
337.99	48.8
339.35	51.1
340.72	47.2
342.08	51.2
343.44	49.8
344.8	51
346.17	48.1
347.53	46.8
348.89	48.5
350.26	47.8
351.62	45.9
352.98	49.3
354.34	42.6
355.71	44.5
357.07	43.6
358.43	44.2
359.8	45.1
361.16	42.5
362.52	47.1
363.88	47.7
365.25	48.5
366.61	43.5
367.97	45.6
369.34	43.5
370.7	41.9
372.06	46.9
373.42	42.5
374.79	40.7
376.15	45
377.51	47.8
378.88	46.3
380.24	41.2
381.6	44.6
382.96	44.3
384.33	49.1
385.69	48
387.05	47.1
388.42	44.8
389.78	42.7
391.14	44.1
392.5	43.6
393.87	42.7
395.23	39.7
396.59	44.3
397.96	44.9
399.32	44.9
400.68	45.7
402.04	50.5
403.41	43.9
404.77	40.5
406.13	40.7
407.5	41.8
408.86	42.8
410.22	41.9
411.58	43.3
412.95	45.5
414.31	42.6
415.67	43.1
417.04	46.2
418.4	38.2
419.76	38.7
421.12	43.6
422.49	44.2
423.85	41.5
425.21	44.4
426.58	42.2
427.94	41.4
429.3	40.8
430.66	41.6
432.03	42.5
433.39	38.9
434.75	44.5
436.12	46.6
437.48	40.7
438.84	39.4
440.2	36.2
441.57	39.5
442.93	41.3
444.29	38.8
445.66	39.3
447.02	41.4
448.38	39.3
449.74	42
451.11	44.4
452.47	46
453.83	41.2
455.2	39
456.56	38.7
457.92	45.7
459.28	37.4
460.65	38.7
462.01	38.1
463.37	39.8
464.74	43.4
466.1	44.9
467.46	45.2
468.82	42.6
470.19	42.6
471.55	39.9
472.91	35.7
474.28	35.3
475.64	37.7
477	36.8
478.36	40.6
479.73	40.2
481.09	41.7
482.45	40.8
483.82	40.9
485.18	36.3
486.54	42.7
487.9	44.7
489.27	45.2
490.63	45
491.99	45.6
493.36	45.5
494.72	35
496.08	37.5
497.44	37.7
498.81	38.3
500.17	38.8
501.53	37.4
502.9	43.6
504.26	47.3
505.62	48.5
506.98	47.8
508.35	43.4
509.71	37.8
511.07	39
512.44	41.7
513.8	42.2
515.16	45.3
516.52	42.3
517.89	37.8
519.25	46.2
520.61	46.8
521.98	45.9
523.34	39.3
524.7	40.7
526.06	33.6
527.43	38.8
528.79	41.7
530.15	38.9
531.52	38.2
532.88	40
534.24	41.9
535.6	39.9
536.97	42
538.33	44.1
539.69	42.3
541.06	39.6
542.42	35.5
543.78	32.9
545.14	34.5
546.51	35.2
547.87	34.9
549.23	39.7
550.6	43.8
551.96	39.2
553.32	35.9
554.68	35.7
556.05	37.5
557.41	38.6
558.77	37.8
560.14	36.7
561.5	41.1
562.86	41.7
564.22	44.3
565.59	41.5
566.95	37.6
568.31	38.7
569.68	42.1
571.04	43.9
572.4	42.5
573.76	43.8
575.13	37.1
576.49	37.5
577.85	38.5
579.22	40
580.58	35.2
581.94	35.4
583.3	35.7
584.67	36.1
586.03	38.6
587.39	43.5
588.76	46.4
590.12	46.4
591.48	45.4
592.84	46.7
594.21	43.5
595.57	43.4
596.93	46.4
598.3	45.4
599.66	45.9
601.02	46.3
602.39	40.8
603.75	41.9
605.11	43.4
606.47	43
607.84	43.9
609.2	37.7
610.56	36.8
611.93	40.8
613.29	46.5
614.65	49.8
616.01	46.9
617.38	47.5
618.74	46.6
620.1	45.3
621.47	42.4
622.83	40.4
624.19	39.3
625.55	40.9
626.92	46.3
628.28	47.5
629.64	50.1
631.01	49.4
632.37	47.9
633.73	49.8
635.09	48.9
636.46	49.7
637.82	47.8
639.18	47.8
640.55	51.2
641.91	52.5
643.27	52.7
644.63	53.4
646	51.7
647.36	51.1
648.72	50.6
650.09	48.4
651.45	46.9
652.81	39.2
654.17	41.2
655.54	39.3
656.9	38.9
658.26	35.5
659.63	43.5
660.99	38.3
662.35	41.5
663.71	47.2
665.08	49.1
666.44	48.7
667.8	50.8
669.17	50.8
670.53	49.1
671.89	43.1
673.25	35.9
674.62	36.8
675.98	34.8
677.34	34.8
678.71	34.5
680.07	32
681.43	33.5
682.79	41.1
684.16	33.8
685.52	38.1
686.88	39.9
688.25	39.6
689.61	45.6
690.97	47
692.33	45.7
693.7	43.5
695.06	39.1
696.42	37.2
697.79	36.3
699.15	35.1
700.51	35
701.87	36.3
703.24	39.4
704.6	38.6
705.96	43.3
707.33	39.8
708.69	38.5
710.05	34.6
711.41	34.9
712.78	42.4
714.14	44.5
715.5	44.6
716.87	40.9
718.23	42.5
719.59	38.6
720.95	39.9
722.32	42.5
723.68	39.2
725.04	44.2
726.41	44.4
727.77	45.3
729.13	45.5
730.49	45.1
731.86	43.8
733.22	39.3
734.58	37.4
735.95	35.8
737.31	35.4
738.67	34.2
740.03	39.9
741.4	44
742.76	44.8
744.12	45.4
745.49	39.3
746.85	36.3
748.21	40.7
749.57	39.8
750.94	35.1
752.3	39.9
753.66	41.7
755.03	43.7
756.39	42.5
757.75	41.6
759.11	39.4
760.48	35.4
761.84	39
763.2	41.5
764.57	42.7
765.93	43.7
767.29	44.9
768.65	44.9
770.02	42.6
771.38	42.4
772.74	37.3
774.11	35.4
775.47	32
776.83	36.1
778.19	37.4
779.56	39.1
780.92	41.5
782.28	37.9
783.65	38.5
785.01	36.7
786.37	41.9
787.73	43.3
789.1	42.8
790.46	40.1
791.82	40.3
793.19	36.5
794.55	34
795.91	34.3
797.27	33.8
798.64	36.2
latitude	41.402
longitude	-73.373
saved	11/10/18, 6:39 PM
