Impulse Response	AudioTools 	v10.22.5 Greg’s iPhone battery  87%	6/18/19, 8:40 PM	Internal Mic 4 Low Range	297E0D2C-2342-481F-B5E1-E5B9DE515A74
IR File Creation Date   	IR Length (s)	Full IR Length (s)	T30 Mid (s)	T30 1kHz (s)	C50 Mid (dB)	C80 Mid (dB)	EDT Mid (s)	BR (s)	S/N Avg (dB)	CT Mid (s)	RT60
2019-06-19 00:40:52 +0000	1.984	1.984	0.042	0.009	25.009	25.838	0.025	4.04	74.394	0.002	0

Octave Band	EDT (s)	T20(s)	T30 (s)	C50 (dB)	C80 (dB)	Definition (dB)	S/N (dB)	CT (s)
63	0.006	0.6	0.006	25.879	26.756	99.742	69.578	0.001
125	0.032	0.052	0.118	26.543	26.988	99.779	55.894	0.005
250	0.019	0.025	0.01	26.753	27.999	99.789	65.777	0.003
500	0.014	0.574	0.023	24.262	25.266	99.627	72.409	0.004
1000	0.009	0.626	0.009	25.009	25.838	99.685	76.007	0.002
2000	0.004	0.133	0	26.524	27.385	99.778	78.8	0.001
4000	0.004	0.066	1.646	27.405	28.62	99.819	84.966	0.001
8000	0.004	0.091	0.929	28.368	29.885	99.855	91.724	0

1/3 Octave Band	EDT (s)	T20(s)	T30 (s)	C50 (dB)	C80 (dB)	Definition (dB)	S/N (dB)	CT (s)
63	0.071	0.072	1.687	26.356	27.186	99.769	65.529	0.002
80	0.044	0.061	0.048	26.08	26.905	99.754	65.489	0.002
100	0.019	0.055	0.038	25.858	26.679	99.741	65.35	0.002
125	0.1	0.119	0.106	23.539	23.936	99.559	47.773	0.042
160	0.072	0.102	0.099	27.032	27.49	99.802	51.537	0.019
200	0.056	0.079	0.841	29.229	29.401	99.881	56.624	0.012
250	0.07	0.134	0.5	29.517	29.854	99.888	57.813	0.085
315	0.057	0.118	0.82	28.21	30.68	99.849	67.301	0.039
400	0.045	0.133	1.534	26.281	27.948	99.765	68.092	0.017
500	0.036	0.404	0.055	23.739	25.031	99.579	70.03	0.01
630	0.028	0.364	0.043	24.243	25.099	99.625	69.861	0.007
800	0.022	0.738	0.037	23.622	24.532	99.568	71.592	0.006
1000	0.015	0.684	0.033	23.718	24.8	99.577	70.704	0.005
1250	0.014	0.358	0.021	24.983	25.822	99.684	72.759	0.004
1600	0.01	0.111	0.016	26.353	27.296	99.769	76.441	0.003
2000	0.009	0.044	0.009	26.655	27.37	99.784	79.589	0.002
2500	0.01	0.101	0.011	26.455	27.615	99.774	79.657	0.002
3150	0.008	0.024	0.011	27.381	28.285	99.818	80.783	0.001
4000	0.006	0.012	1.701	28.797	29.921	99.868	87.602	0.001
5000	0.007	0.121	1.376	27.219	28.677	99.811	90.081	0.001
6300	0.004	0.014	0.979	29.479	30.998	99.887	93.797	0.001
8000	0.004	0.278	0.895	27.802	29.351	99.834	89.384	0.001

Impulse 629 points
0	0	-0.161
0	0	-0.158
0	0	-0.155
0	0	-0.152
0	0	-0.149
0	0	-0.146
0	0	-0.143
-0.0001	0.0001	-0.139
0	0	-0.136
0	0	-0.133
-0.0001	0.0001	-0.13
0	0	-0.127
-0.0001	0.0001	-0.124
0	0	-0.12
-0.0001	0.0001	-0.117
0	0	-0.114
0	0	-0.111
-0.0001	0.0001	-0.108
0	0	-0.105
0	0	-0.102
0	0	-0.098
-0.0001	0.0001	-0.095
0	0	-0.092
-0.0001	0.0001	-0.089
0	0	-0.086
0	0	-0.083
-0.0001	0.0001	-0.079
0	0	-0.076
-0.0001	0.0001	-0.073
0	0	-0.07
0	0	-0.067
0	0	-0.064
0	0	-0.061
0	0	-0.057
-0.0001	0.0001	-0.054
0	0	-0.051
0	0	-0.048
0	0	-0.045
0	0	-0.042
0	0	-0.038
-0.0001	0.0001	-0.035
0	0	-0.032
-0.0001	0.0001	-0.029
-0.0001	0.0001	-0.026
-0.0001	0.0001	-0.023
-0.0001	0.0001	-0.019
-0.0001	0.0001	-0.016
-0.0002	0.0002	-0.013
-0.0003	0.0003	-0.01
-0.001	0.001	-0.007
-0.0026	0.0026	-0.004
-0.5	0.5	-0.001
-0.0095	0.0095	0.003
-0.0023	0.0023	0.006
-0.0075	0.0075	0.009
-0.0052	0.0052	0.012
-0.0045	0.0045	0.015
-0.0033	0.0033	0.018
-0.0048	0.0048	0.022
-0.0088	0.0088	0.025
-0.0031	0.0031	0.028
-0.0032	0.0032	0.031
-0.0027	0.0027	0.034
-0.0035	0.0035	0.037
-0.0026	0.0026	0.04
-0.0022	0.0022	0.044
-0.004	0.004	0.047
-0.0022	0.0022	0.05
-0.0027	0.0027	0.053
-0.0023	0.0023	0.056
-0.0021	0.0021	0.059
-0.0016	0.0016	0.063
-0.0022	0.0022	0.066
-0.0024	0.0024	0.069
-0.0026	0.0026	0.072
-0.002	0.002	0.075
-0.0021	0.0021	0.078
-0.0024	0.0024	0.081
-0.0015	0.0015	0.085
-0.0019	0.0019	0.088
-0.0024	0.0024	0.091
-0.002	0.002	0.094
-0.0017	0.0017	0.097
-0.0018	0.0018	0.1
-0.0024	0.0024	0.104
-0.0022	0.0022	0.107
-0.0018	0.0018	0.11
-0.0015	0.0015	0.113
-0.0015	0.0015	0.116
-0.0016	0.0016	0.119
-0.0017	0.0017	0.122
-0.002	0.002	0.126
-0.0014	0.0014	0.129
-0.0012	0.0012	0.132
-0.0015	0.0015	0.135
-0.0012	0.0012	0.138
-0.0013	0.0013	0.141
-0.0017	0.0017	0.145
-0.0007	0.0007	0.148
-0.0013	0.0013	0.151
-0.0015	0.0015	0.154
-0.0014	0.0014	0.157
-0.0012	0.0012	0.16
-0.0012	0.0012	0.163
-0.0013	0.0013	0.167
-0.0015	0.0015	0.17
-0.0011	0.0011	0.173
-0.0012	0.0012	0.176
-0.0009	0.0009	0.179
-0.0009	0.0009	0.182
-0.0008	0.0008	0.186
-0.0011	0.0011	0.189
-0.0014	0.0014	0.192
-0.0009	0.0009	0.195
-0.0009	0.0009	0.198
-0.0009	0.0009	0.201
-0.0013	0.0013	0.204
-0.0013	0.0013	0.208
-0.0008	0.0008	0.211
-0.001	0.001	0.214
-0.0011	0.0011	0.217
-0.0013	0.0013	0.22
-0.0009	0.0009	0.223
-0.0009	0.0009	0.227
-0.001	0.001	0.23
-0.0011	0.0011	0.233
-0.0008	0.0008	0.236
-0.0009	0.0009	0.239
-0.0009	0.0009	0.242
-0.0008	0.0008	0.245
-0.001	0.001	0.249
-0.0009	0.0009	0.252
-0.0008	0.0008	0.255
-0.0011	0.0011	0.258
-0.0011	0.0011	0.261
-0.0009	0.0009	0.264
-0.0009	0.0009	0.268
-0.0009	0.0009	0.271
-0.001	0.001	0.274
-0.0008	0.0008	0.277
-0.0007	0.0007	0.28
-0.0009	0.0009	0.283
-0.0008	0.0008	0.286
-0.0012	0.0012	0.29
-0.0008	0.0008	0.293
-0.0006	0.0006	0.296
-0.0008	0.0008	0.299
-0.0006	0.0006	0.302
-0.0007	0.0007	0.305
-0.0008	0.0008	0.309
-0.0009	0.0009	0.312
-0.0007	0.0007	0.315
-0.0008	0.0008	0.318
-0.0007	0.0007	0.321
-0.0009	0.0009	0.324
-0.0008	0.0008	0.327
-0.0007	0.0007	0.331
-0.0008	0.0008	0.334
-0.0007	0.0007	0.337
-0.0007	0.0007	0.34
-0.0005	0.0005	0.343
-0.0006	0.0006	0.346
-0.0006	0.0006	0.35
-0.0007	0.0007	0.353
-0.0007	0.0007	0.356
-0.0008	0.0008	0.359
-0.0006	0.0006	0.362
-0.0005	0.0005	0.365
-0.0009	0.0009	0.368
-0.0006	0.0006	0.372
-0.0007	0.0007	0.375
-0.0006	0.0006	0.378
-0.0007	0.0007	0.381
-0.0005	0.0005	0.384
-0.0005	0.0005	0.387
-0.0008	0.0008	0.391
-0.0007	0.0007	0.394
-0.0005	0.0005	0.397
-0.0005	0.0005	0.4
-0.0006	0.0006	0.403
-0.0005	0.0005	0.406
-0.0004	0.0004	0.409
-0.0006	0.0006	0.413
-0.0008	0.0008	0.416
-0.0005	0.0005	0.419
-0.0005	0.0005	0.422
-0.0006	0.0006	0.425
-0.0007	0.0007	0.428
-0.0005	0.0005	0.432
-0.0005	0.0005	0.435
-0.0005	0.0005	0.438
-0.0006	0.0006	0.441
-0.0005	0.0005	0.444
-0.0004	0.0004	0.447
-0.0005	0.0005	0.45
-0.0005	0.0005	0.454
-0.0006	0.0006	0.457
-0.0005	0.0005	0.46
-0.0004	0.0004	0.463
-0.0004	0.0004	0.466
-0.0006	0.0006	0.469
-0.0007	0.0007	0.473
-0.0005	0.0005	0.476
-0.0004	0.0004	0.479
-0.0004	0.0004	0.482
-0.0005	0.0005	0.485
-0.0005	0.0005	0.488
-0.0005	0.0005	0.491
-0.0005	0.0005	0.495
-0.0005	0.0005	0.498
-0.0003	0.0003	0.501
-0.0004	0.0004	0.504
-0.0004	0.0004	0.507
-0.0004	0.0004	0.51
-0.0005	0.0005	0.514
-0.0004	0.0004	0.517
-0.0004	0.0004	0.52
-0.0006	0.0006	0.523
-0.0006	0.0006	0.526
-0.0003	0.0003	0.529
-0.0004	0.0004	0.532
-0.0005	0.0005	0.536
-0.0004	0.0004	0.539
-0.0004	0.0004	0.542
-0.0004	0.0004	0.545
-0.0005	0.0005	0.548
-0.0004	0.0004	0.551
-0.0005	0.0005	0.555
-0.0004	0.0004	0.558
-0.0003	0.0003	0.561
-0.0004	0.0004	0.564
-0.0004	0.0004	0.567
-0.0005	0.0005	0.57
-0.0004	0.0004	0.573
-0.0004	0.0004	0.577
-0.0004	0.0004	0.58
-0.0004	0.0004	0.583
-0.0003	0.0003	0.586
-0.0004	0.0004	0.589
-0.0004	0.0004	0.592
-0.0003	0.0003	0.596
-0.0006	0.0006	0.599
-0.0003	0.0003	0.602
-0.0003	0.0003	0.605
-0.0004	0.0004	0.608
-0.0005	0.0005	0.611
-0.0003	0.0003	0.614
-0.0003	0.0003	0.618
-0.0003	0.0003	0.621
-0.0004	0.0004	0.624
-0.0003	0.0003	0.627
-0.0003	0.0003	0.63
-0.0003	0.0003	0.633
-0.0004	0.0004	0.637
-0.0003	0.0003	0.64
-0.0002	0.0002	0.643
-0.0003	0.0003	0.646
-0.0002	0.0002	0.649
-0.0003	0.0003	0.652
-0.0003	0.0003	0.656
-0.0004	0.0004	0.659
-0.0003	0.0003	0.662
-0.0004	0.0004	0.665
-0.0002	0.0002	0.668
-0.0002	0.0002	0.671
-0.0003	0.0003	0.674
-0.0002	0.0002	0.678
-0.0003	0.0003	0.681
-0.0003	0.0003	0.684
-0.0004	0.0004	0.687
-0.0003	0.0003	0.69
-0.0004	0.0004	0.693
-0.0003	0.0003	0.697
-0.0003	0.0003	0.7
-0.0003	0.0003	0.703
-0.0002	0.0002	0.706
-0.0003	0.0003	0.709
-0.0003	0.0003	0.712
-0.0002	0.0002	0.715
-0.0003	0.0003	0.719
-0.0003	0.0003	0.722
-0.0002	0.0002	0.725
-0.0002	0.0002	0.728
-0.0003	0.0003	0.731
-0.0003	0.0003	0.734
-0.0003	0.0003	0.738
-0.0003	0.0003	0.741
-0.0002	0.0002	0.744
-0.0002	0.0002	0.747
-0.0002	0.0002	0.75
-0.0002	0.0002	0.753
-0.0002	0.0002	0.756
-0.0002	0.0002	0.76
-0.0002	0.0002	0.763
-0.0002	0.0002	0.766
-0.0004	0.0004	0.769
-0.0003	0.0003	0.772
-0.0002	0.0002	0.775
-0.0003	0.0003	0.779
-0.0002	0.0002	0.782
-0.0002	0.0002	0.785
-0.0003	0.0003	0.788
-0.0003	0.0003	0.791
-0.0003	0.0003	0.794
-0.0002	0.0002	0.797
-0.0001	0.0001	0.801
-0.0002	0.0002	0.804
-0.0002	0.0002	0.807
-0.0002	0.0002	0.81
-0.0003	0.0003	0.813
-0.0003	0.0003	0.816
-0.0002	0.0002	0.82
-0.0002	0.0002	0.823
-0.0002	0.0002	0.826
-0.0002	0.0002	0.829
-0.0003	0.0003	0.832
-0.0002	0.0002	0.835
-0.0002	0.0002	0.838
-0.0002	0.0002	0.842
-0.0002	0.0002	0.845
-0.0002	0.0002	0.848
-0.0002	0.0002	0.851
-0.0002	0.0002	0.854
-0.0001	0.0001	0.857
-0.0002	0.0002	0.861
-0.0002	0.0002	0.864
-0.0002	0.0002	0.867
-0.0002	0.0002	0.87
-0.0002	0.0002	0.873
-0.0002	0.0002	0.876
-0.0001	0.0001	0.879
-0.0002	0.0002	0.883
-0.0002	0.0002	0.886
-0.0002	0.0002	0.889
-0.0002	0.0002	0.892
-0.0002	0.0002	0.895
-0.0002	0.0002	0.898
-0.0002	0.0002	0.902
-0.0002	0.0002	0.905
-0.0002	0.0002	0.908
-0.0002	0.0002	0.911
-0.0001	0.0001	0.914
-0.0002	0.0002	0.917
-0.0002	0.0002	0.92
-0.0001	0.0001	0.924
-0.0002	0.0002	0.927
-0.0001	0.0001	0.93
-0.0002	0.0002	0.933
-0.0001	0.0001	0.936
-0.0001	0.0001	0.939
-0.0002	0.0002	0.943
-0.0001	0.0001	0.946
-0.0001	0.0001	0.949
-0.0002	0.0002	0.952
-0.0002	0.0002	0.955
-0.0002	0.0002	0.958
-0.0001	0.0001	0.961
-0.0002	0.0002	0.965
-0.0002	0.0002	0.968
-0.0002	0.0002	0.971
-0.0001	0.0001	0.974
-0.0001	0.0001	0.977
-0.0002	0.0002	0.98
-0.0002	0.0002	0.984
-0.0002	0.0002	0.987
-0.0001	0.0001	0.99
-0.0001	0.0001	0.993
-0.0001	0.0001	0.996
-0.0002	0.0002	0.999
-0.0002	0.0002	1.002
-0.0002	0.0002	1.006
-0.0001	0.0001	1.009
-0.0001	0.0001	1.012
-0.0002	0.0002	1.015
-0.0001	0.0001	1.018
-0.0001	0.0001	1.021
-0.0001	0.0001	1.025
-0.0001	0.0001	1.028
-0.0001	0.0001	1.031
-0.0001	0.0001	1.034
-0.0001	0.0001	1.037
-0.0001	0.0001	1.04
-0.0001	0.0001	1.043
-0.0001	0.0001	1.047
-0.0001	0.0001	1.05
-0.0001	0.0001	1.053
-0.0001	0.0001	1.056
-0.0001	0.0001	1.059
-0.0001	0.0001	1.062
-0.0002	0.0002	1.066
-0.0001	0.0001	1.069
-0.0001	0.0001	1.072
-0.0001	0.0001	1.075
-0.0002	0.0002	1.078
-0.0001	0.0001	1.081
-0.0001	0.0001	1.084
-0.0001	0.0001	1.088
-0.0001	0.0001	1.091
-0.0001	0.0001	1.094
-0.0001	0.0001	1.097
-0.0001	0.0001	1.1
-0.0001	0.0001	1.103
-0.0001	0.0001	1.107
-0.0001	0.0001	1.11
-0.0001	0.0001	1.113
-0.0001	0.0001	1.116
-0.0001	0.0001	1.119
-0.0001	0.0001	1.122
-0.0001	0.0001	1.125
-0.0001	0.0001	1.129
-0.0001	0.0001	1.132
-0.0001	0.0001	1.135
-0.0001	0.0001	1.138
-0.0001	0.0001	1.141
-0.0001	0.0001	1.144
-0.0001	0.0001	1.148
-0.0001	0.0001	1.151
-0.0001	0.0001	1.154
-0.0001	0.0001	1.157
-0.0001	0.0001	1.16
-0.0001	0.0001	1.163
-0.0001	0.0001	1.166
-0.0001	0.0001	1.17
-0.0001	0.0001	1.173
-0.0001	0.0001	1.176
-0.0001	0.0001	1.179
-0.0001	0.0001	1.182
-0.0001	0.0001	1.185
-0.0001	0.0001	1.189
-0.0001	0.0001	1.192
-0.0001	0.0001	1.195
-0.0001	0.0001	1.198
-0.0001	0.0001	1.201
-0.0001	0.0001	1.204
-0.0001	0.0001	1.207
-0.0001	0.0001	1.211
-0.0001	0.0001	1.214
-0.0001	0.0001	1.217
-0.0001	0.0001	1.22
-0.0001	0.0001	1.223
-0.0001	0.0001	1.226
-0.0001	0.0001	1.23
-0.0001	0.0001	1.233
-0.0001	0.0001	1.236
0	0	1.239
-0.0002	0.0002	1.242
-0.0001	0.0001	1.245
-0.0001	0.0001	1.248
-0.0001	0.0001	1.252
-0.0001	0.0001	1.255
-0.0001	0.0001	1.258
-0.0001	0.0001	1.261
-0.0001	0.0001	1.264
-0.0001	0.0001	1.267
-0.0001	0.0001	1.271
-0.0001	0.0001	1.274
-0.0001	0.0001	1.277
-0.0001	0.0001	1.28
-0.0001	0.0001	1.283
-0.0001	0.0001	1.286
-0.0001	0.0001	1.29
-0.0001	0.0001	1.293
-0.0001	0.0001	1.296
-0.0001	0.0001	1.299
-0.0001	0.0001	1.302
-0.0001	0.0001	1.305
-0.0001	0.0001	1.308
-0.0001	0.0001	1.312
-0.0001	0.0001	1.315
-0.0001	0.0001	1.318
-0.0001	0.0001	1.321
-0.0001	0.0001	1.324
-0.0001	0.0001	1.327
-0.0001	0.0001	1.331
-0.0001	0.0001	1.334
-0.0001	0.0001	1.337
-0.0001	0.0001	1.34
-0.0001	0.0001	1.343
-0.0001	0.0001	1.346
-0.0001	0.0001	1.349
-0.0001	0.0001	1.353
-0.0001	0.0001	1.356
-0.0001	0.0001	1.359
0	0	1.362
-0.0001	0.0001	1.365
-0.0001	0.0001	1.368
-0.0001	0.0001	1.372
-0.0001	0.0001	1.375
-0.0001	0.0001	1.378
-0.0001	0.0001	1.381
-0.0001	0.0001	1.384
-0.0001	0.0001	1.387
-0.0001	0.0001	1.39
-0.0001	0.0001	1.394
-0.0001	0.0001	1.397
-0.0001	0.0001	1.4
-0.0001	0.0001	1.403
-0.0001	0.0001	1.406
-0.0001	0.0001	1.409
-0.0001	0.0001	1.413
-0.0001	0.0001	1.416
-0.0001	0.0001	1.419
0	0	1.422
-0.0001	0.0001	1.425
0	0	1.428
-0.0001	0.0001	1.431
-0.0001	0.0001	1.435
0	0	1.438
-0.0001	0.0001	1.441
-0.0001	0.0001	1.444
-0.0001	0.0001	1.447
-0.0001	0.0001	1.45
-0.0001	0.0001	1.454
-0.0001	0.0001	1.457
-0.0001	0.0001	1.46
-0.0001	0.0001	1.463
0	0	1.466
-0.0001	0.0001	1.469
-0.0001	0.0001	1.472
-0.0001	0.0001	1.476
-0.0001	0.0001	1.479
0	0	1.482
0	0	1.485
-0.0001	0.0001	1.488
-0.0001	0.0001	1.491
0	0	1.495
-0.0001	0.0001	1.498
-0.0001	0.0001	1.501
0	0	1.504
0	0	1.507
-0.0001	0.0001	1.51
-0.0001	0.0001	1.513
-0.0001	0.0001	1.517
-0.0001	0.0001	1.52
-0.0001	0.0001	1.523
0	0	1.526
-0.0001	0.0001	1.529
0	0	1.532
0	0	1.536
-0.0001	0.0001	1.539
0	0	1.542
-0.0001	0.0001	1.545
0	0	1.548
0	0	1.551
-0.0001	0.0001	1.554
-0.0001	0.0001	1.558
0	0	1.561
0	0	1.564
-0.0001	0.0001	1.567
0	0	1.57
-0.0001	0.0001	1.573
-0.0001	0.0001	1.577
0	0	1.58
0	0	1.583
0	0	1.586
-0.0001	0.0001	1.589
-0.0001	0.0001	1.592
0	0	1.595
-0.0001	0.0001	1.599
0	0	1.602
-0.0001	0.0001	1.605
-0.0001	0.0001	1.608
0	0	1.611
0	0	1.614
0	0	1.618
0	0	1.621
0	0	1.624
0	0	1.627
0	0	1.63
-0.0001	0.0001	1.633
0	0	1.636
-0.0001	0.0001	1.64
0	0	1.643
0	0	1.646
0	0	1.649
0	0	1.652
0	0	1.655
0	0	1.659
-0.0001	0.0001	1.662
0	0	1.665
0	0	1.668
-0.0001	0.0001	1.671
0	0	1.674
0	0	1.677
0	0	1.681
0	0	1.684
0	0	1.687
0	0	1.69
0	0	1.693
0	0	1.696
0	0	1.7
0	0	1.703
0	0	1.706
0	0	1.709
0	0	1.712
0	0	1.715
0	0	1.718
0	0	1.722
0	0	1.725
0	0	1.728
0	0	1.731
0	0	1.734
0	0	1.737
0	0	1.741
0	0	1.744
0	0	1.747
0	0	1.75
0	0	1.753
0	0	1.756
0	0	1.759
-0.0001	0.0001	1.763
0	0	1.766
0	0	1.769
0	0	1.772
0	0	1.775
0	0	1.778
0	0	1.782
0	0	1.785
0	0	1.788
0	0	1.791
0	0	1.794
0	0	1.797
0	0	1.8
0	0	1.804
0	0	1.807
0	0	1.81
0	0	1.813
0	0	1.816
0	0	1.819

ETC 629 points
-81.7	-0.161
-81.5	-0.158
-80.8	-0.155
-80.5	-0.152
-82.6	-0.149
-81.1	-0.146
-80.1	-0.143
-78.2	-0.139
-81.1	-0.136
-80.2	-0.133
-78.5	-0.13
-81.9	-0.127
-77.4	-0.124
-81.4	-0.12
-78.9	-0.117
-81	-0.114
-81.3	-0.111
-79.4	-0.108
-82	-0.105
-80.2	-0.102
-83.4	-0.098
-78.1	-0.095
-80.2	-0.092
-78.3	-0.089
-84.7	-0.086
-80	-0.083
-78.4	-0.079
-81.9	-0.076
-79.1	-0.073
-81.5	-0.07
-80.5	-0.067
-83.5	-0.064
-81.2	-0.061
-82	-0.057
-78.8	-0.054
-81.4	-0.051
-81.1	-0.048
-83	-0.045
-83.3	-0.042
-83	-0.038
-79.8	-0.035
-80.6	-0.032
-80	-0.029
-78	-0.026
-76.3	-0.023
-71.8	-0.019
-71.2	-0.016
-69.5	-0.013
-65.7	-0.01
-54	-0.007
-45.7	-0.004
0	-0.001
-34.4	0.003
-46.8	0.006
-36.5	0.009
-39.6	0.012
-40.9	0.015
-43.7	0.018
-40.4	0.022
-35.1	0.025
-44	0.028
-43.8	0.031
-45.4	0.034
-43.1	0.037
-45.7	0.04
-47.2	0.044
-41.9	0.047
-46.9	0.05
-45.4	0.053
-46.8	0.056
-47.4	0.059
-49.7	0.063
-47.2	0.066
-46.3	0.069
-45.8	0.072
-47.8	0.075
-47.5	0.078
-46.4	0.081
-50.3	0.085
-48.5	0.088
-46.3	0.091
-47.8	0.094
-49.1	0.097
-48.7	0.1
-46.5	0.104
-47	0.107
-49.1	0.11
-50.6	0.113
-50.3	0.116
-49.8	0.119
-49.2	0.122
-47.9	0.126
-51.3	0.129
-52.1	0.132
-50.4	0.135
-52.2	0.138
-51.5	0.141
-49.2	0.145
-56.7	0.148
-51.8	0.151
-50.5	0.154
-50.9	0.157
-52.2	0.16
-52.2	0.163
-51.7	0.167
-50.3	0.17
-53.1	0.173
-52.6	0.176
-54.7	0.179
-54.5	0.182
-55.9	0.186
-53.2	0.189
-51.2	0.192
-54.7	0.195
-54.7	0.198
-54.8	0.201
-51.9	0.204
-51.9	0.208
-56.4	0.211
-53.9	0.214
-52.9	0.217
-52	0.22
-54.5	0.223
-54.5	0.227
-53.8	0.23
-53.2	0.233
-55.6	0.236
-54.7	0.239
-55.4	0.242
-56.4	0.245
-53.9	0.249
-54.6	0.252
-55.9	0.255
-53.4	0.258
-52.8	0.261
-55.2	0.264
-55.4	0.268
-54.5	0.271
-54.2	0.274
-55.7	0.277
-57.1	0.28
-55.2	0.283
-56.1	0.286
-52.6	0.29
-56.2	0.293
-57.8	0.296
-55.5	0.299
-58.7	0.302
-56.5	0.305
-55.6	0.309
-55.1	0.312
-56.8	0.315
-56.1	0.318
-56.8	0.321
-55	0.324
-55.7	0.327
-56.5	0.331
-56.3	0.334
-56.5	0.337
-57.4	0.34
-59.2	0.343
-58	0.346
-57.8	0.35
-57.2	0.353
-56.9	0.356
-55.8	0.359
-58.2	0.362
-59.2	0.365
-55.3	0.368
-58.9	0.372
-57.1	0.375
-57.8	0.378
-57.3	0.381
-60.1	0.384
-59.6	0.387
-55.7	0.391
-57.4	0.394
-59.6	0.397
-59.8	0.4
-58.9	0.403
-59.7	0.406
-61.7	0.409
-58.7	0.413
-56.2	0.416
-59.4	0.419
-60	0.422
-58.6	0.425
-56.7	0.428
-59.3	0.432
-60.3	0.435
-59.6	0.438
-58.7	0.441
-60.8	0.444
-62	0.447
-60.5	0.45
-59.4	0.454
-58.4	0.457
-59.6	0.46
-61.7	0.463
-61.1	0.466
-57.9	0.469
-57.3	0.473
-59.9	0.476
-61	0.479
-61.7	0.482
-59.4	0.485
-60.8	0.488
-60.5	0.491
-59.3	0.495
-60.7	0.498
-64	0.501
-61.7	0.504
-61.3	0.507
-61.2	0.51
-59.8	0.514
-62.9	0.517
-62.7	0.52
-59.1	0.523
-58.7	0.526
-64	0.529
-61.5	0.532
-59.4	0.536
-61	0.539
-61.9	0.542
-61.9	0.545
-60.2	0.548
-61.7	0.551
-59.8	0.555
-61.2	0.558
-63.4	0.561
-61.7	0.564
-62.8	0.567
-60.7	0.57
-61.1	0.573
-61	0.577
-62.1	0.58
-61.1	0.583
-64.9	0.586
-62	0.589
-62.7	0.592
-64.7	0.596
-58.2	0.599
-65.9	0.602
-64.6	0.605
-62.6	0.608
-60.9	0.611
-64.3	0.614
-64	0.618
-64.8	0.621
-63.1	0.624
-65.1	0.627
-64.8	0.63
-64.8	0.633
-62.1	0.637
-64.6	0.64
-67	0.643
-66	0.646
-66.2	0.649
-64.6	0.652
-65.5	0.656
-61.3	0.659
-63.8	0.662
-62.6	0.665
-66.3	0.668
-66.5	0.671
-63.2	0.674
-67.3	0.678
-64.4	0.681
-64	0.684
-62	0.687
-63.7	0.69
-61.7	0.693
-65.9	0.697
-65.2	0.7
-64	0.703
-66.9	0.706
-65.8	0.709
-65.5	0.712
-66.1	0.715
-64.1	0.719
-65.5	0.722
-68.5	0.725
-68.8	0.728
-65.3	0.731
-64.9	0.734
-64.5	0.738
-65.8	0.741
-67.9	0.744
-69	0.747
-66.9	0.75
-67.3	0.753
-67	0.756
-67.4	0.76
-69.3	0.763
-69.6	0.766
-62.8	0.769
-64.5	0.772
-68.2	0.775
-64.8	0.779
-66.7	0.782
-68.6	0.785
-65.5	0.788
-66	0.791
-65.1	0.794
-66.8	0.797
-70.9	0.801
-70.1	0.804
-67.6	0.807
-67.4	0.81
-63.4	0.813
-65.8	0.816
-69.8	0.82
-68	0.823
-67.6	0.826
-67.4	0.829
-65.6	0.832
-67.6	0.835
-70.5	0.838
-66.2	0.842
-68	0.845
-68.4	0.848
-67.2	0.851
-67.5	0.854
-72.2	0.857
-69.1	0.861
-67.9	0.864
-70	0.867
-66.2	0.87
-66.3	0.873
-67.8	0.876
-70.9	0.879
-69.9	0.883
-69.4	0.886
-69.4	0.889
-69.5	0.892
-69.1	0.895
-69.6	0.898
-66.7	0.902
-68.2	0.905
-66.8	0.908
-68.6	0.911
-70.9	0.914
-69.9	0.917
-69.4	0.92
-70.9	0.924
-68.2	0.927
-71.2	0.93
-68.6	0.933
-71.1	0.936
-71.7	0.939
-70	0.943
-70.9	0.946
-71	0.949
-69.8	0.952
-67.9	0.955
-69.4	0.958
-71.3	0.961
-68.5	0.965
-68.8	0.968
-69.8	0.971
-70.6	0.974
-71.7	0.977
-69.5	0.98
-69.5	0.984
-70.1	0.987
-71.8	0.99
-71.3	0.993
-71.3	0.996
-69.5	0.999
-68.7	1.002
-68.8	1.006
-72.1	1.009
-70.8	1.012
-70.4	1.015
-70.7	1.018
-71.4	1.021
-72.4	1.025
-72.1	1.028
-74.1	1.031
-73.8	1.034
-71.5	1.037
-72	1.04
-73.6	1.043
-73.2	1.047
-72.7	1.05
-74	1.053
-74.4	1.056
-70.8	1.059
-73.1	1.062
-70.3	1.066
-70.5	1.069
-76.8	1.072
-73.2	1.075
-69.4	1.078
-71.3	1.081
-71.9	1.084
-72.9	1.088
-71.5	1.091
-76.3	1.094
-73.9	1.097
-72.1	1.1
-72.8	1.103
-74.7	1.107
-72.9	1.11
-74.3	1.113
-73.5	1.116
-73.2	1.119
-75.4	1.122
-73.4	1.125
-71.1	1.129
-75	1.132
-72.7	1.135
-72	1.138
-74	1.141
-76	1.144
-74.7	1.148
-74.7	1.151
-72.7	1.154
-73.3	1.157
-75.3	1.16
-75.4	1.163
-74.6	1.166
-73.3	1.17
-74	1.173
-77	1.176
-74.7	1.179
-75.3	1.182
-73.8	1.185
-73.8	1.189
-72.5	1.192
-71.8	1.195
-74.2	1.198
-74.1	1.201
-74.2	1.204
-75.6	1.207
-77.8	1.211
-77.3	1.214
-77	1.217
-71.5	1.22
-75.6	1.223
-75.4	1.226
-77.8	1.23
-75.9	1.233
-75.8	1.236
-80.1	1.239
-69.8	1.242
-75.9	1.245
-73.8	1.248
-75.4	1.252
-73.2	1.255
-73.6	1.258
-73.6	1.261
-79.8	1.264
-75.3	1.267
-76.1	1.271
-76.3	1.274
-74.5	1.277
-76.5	1.28
-75.9	1.283
-74.3	1.286
-74.1	1.29
-73.2	1.293
-74.7	1.296
-74.5	1.299
-75.9	1.302
-74	1.305
-78.3	1.308
-74.6	1.312
-74.3	1.315
-73.7	1.318
-73.6	1.321
-75.4	1.324
-76.6	1.327
-77.9	1.331
-73.6	1.334
-76.5	1.337
-74.3	1.34
-75.1	1.343
-75.6	1.346
-76	1.349
-76.5	1.353
-77.8	1.356
-75.9	1.359
-80.8	1.362
-76.4	1.365
-77.4	1.368
-77.2	1.372
-79.1	1.375
-75.9	1.378
-78.9	1.381
-76.5	1.384
-77.5	1.387
-75.8	1.39
-79.4	1.394
-77.5	1.397
-74.3	1.4
-76.4	1.403
-78.6	1.406
-76.9	1.409
-78.8	1.413
-79.7	1.416
-78.5	1.419
-80.3	1.422
-79.9	1.425
-80.4	1.428
-77.4	1.431
-77.9	1.435
-81.2	1.438
-78.5	1.441
-77.7	1.444
-79.6	1.447
-78.6	1.45
-78.5	1.454
-78.2	1.457
-78.2	1.46
-76.8	1.463
-82.7	1.466
-76.4	1.469
-77.7	1.472
-77.7	1.476
-77.6	1.479
-80.3	1.482
-81.5	1.485
-80	1.488
-79.2	1.491
-80.4	1.495
-79.5	1.498
-78.7	1.501
-81.4	1.504
-80.2	1.507
-79.3	1.51
-76.5	1.513
-78.7	1.517
-79.6	1.52
-78.7	1.523
-81.3	1.526
-79.2	1.529
-80.4	1.532
-81.5	1.536
-79.5	1.539
-80.6	1.542
-77.4	1.545
-80.1	1.548
-81.8	1.551
-79.8	1.554
-78.3	1.558
-80.4	1.561
-80.3	1.564
-77.8	1.567
-81.8	1.57
-79.5	1.573
-79.7	1.577
-82	1.58
-80.9	1.583
-83.4	1.586
-78.3	1.589
-79.8	1.592
-81.1	1.595
-78.5	1.599
-80.2	1.602
-78.2	1.605
-78.4	1.608
-81.7	1.611
-83.3	1.614
-83.2	1.618
-83.6	1.621
-80.6	1.624
-80.3	1.627
-80.7	1.63
-79.7	1.633
-81	1.636
-79.7	1.64
-81.1	1.643
-81.7	1.646
-80.5	1.649
-80.8	1.652
-80.9	1.655
-83.2	1.659
-79.1	1.662
-82	1.665
-82.5	1.668
-77.9	1.671
-80.4	1.674
-81.7	1.677
-81	1.681
-83.2	1.684
-80.5	1.687
-81.1	1.69
-82.3	1.693
-82.3	1.696
-80.7	1.7
-83.3	1.703
-80.9	1.706
-81.3	1.709
-83.2	1.712
-84	1.715
-83.6	1.718
-81.4	1.722
-84.1	1.725
-82.3	1.728
-81.5	1.731
-82.5	1.734
-82	1.737
-82.8	1.741
-83.1	1.744
-83.4	1.747
-82	1.75
-84.4	1.753
-82.7	1.756
-83.8	1.759
-79.6	1.763
-82.3	1.766
-80.3	1.769
-82.7	1.772
-82.7	1.775
-82.4	1.778
-83.3	1.782
-83.2	1.785
-83.6	1.788
-81.3	1.791
-88.1	1.794
-81.7	1.797
-82.5	1.8
-81.8	1.804
-83.9	1.807
-84.1	1.81
-84.9	1.813
-83.9	1.816
-90	1.819

Schroder 629 points
0	0
0	0.003
0	0.006
0	0.009
0	0.013
0	0.016
0	0.019
0	0.022
0	0.025
0	0.028
0	0.032
0	0.035
0	0.038
0	0.041
0	0.044
0	0.047
0	0.05
0	0.054
0	0.057
0	0.06
0	0.063
0	0.066
0	0.069
0	0.073
0	0.076
0	0.079
0	0.082
0	0.085
0	0.088
0	0.091
0	0.095
0	0.098
0	0.101
0	0.104
0	0.107
0	0.11
0	0.114
0	0.117
0	0.12
0	0.123
0	0.126
0	0.129
0	0.132
0	0.136
0	0.139
0	0.142
0	0.145
0	0.148
0	0.151
0	0.155
0	0.158
-20.708	0.161
-24.721	0.164
-24.778	0.167
-25.081	0.17
-25.286	0.173
-25.462	0.177
-25.564	0.18
-25.826	0.183
-26.312	0.186
-26.461	0.189
-26.569	0.192
-26.675	0.196
-26.8	0.199
-27	0.202
-27.121	0.205
-27.299	0.208
-27.415	0.211
-27.55	0.214
-27.657	0.218
-27.738	0.221
-27.82	0.224
-27.946	0.227
-28.065	0.23
-28.185	0.233
-28.284	0.237
-28.395	0.24
-28.528	0.243
-28.631	0.246
-28.731	0.249
-28.857	0.252
-29.008	0.255
-29.101	0.259
-29.205	0.262
-29.348	0.265
-29.549	0.268
-29.655	0.271
-29.761	0.274
-29.856	0.278
-29.944	0.281
-30.056	0.284
-30.165	0.287
-30.251	0.29
-30.321	0.293
-30.435	0.296
-30.505	0.3
-30.57	0.303
-30.646	0.306
-30.698	0.309
-30.765	0.312
-30.879	0.315
-30.983	0.319
-31.086	0.322
-31.199	0.325
-31.319	0.328
-31.441	0.331
-31.523	0.334
-31.583	0.338
-31.64	0.341
-31.696	0.344
-31.747	0.347
-31.834	0.35
-31.958	0.353
-32.036	0.356
-32.079	0.36
-32.126	0.363
-32.21	0.366
-32.286	0.369
-32.335	0.372
-32.421	0.375
-32.507	0.379
-32.586	0.382
-32.643	0.385
-32.717	0.388
-32.798	0.391
-32.885	0.394
-32.929	0.397
-33.013	0.401
-33.065	0.404
-33.111	0.407
-33.189	0.41
-33.266	0.413
-33.315	0.416
-33.384	0.42
-33.459	0.423
-33.521	0.426
-33.604	0.429
-33.695	0.432
-33.813	0.435
-33.882	0.438
-33.93	0.442
-33.991	0.445
-34.091	0.448
-34.19	0.451
-34.251	0.454
-34.301	0.457
-34.381	0.461
-34.443	0.464
-34.494	0.467
-34.571	0.47
-34.659	0.473
-34.764	0.476
-34.821	0.479
-34.89	0.483
-34.966	0.486
-35.044	0.489
-35.103	0.492
-35.162	0.495
-35.223	0.498
-35.274	0.502
-35.317	0.505
-35.379	0.508
-35.435	0.511
-35.486	0.514
-35.544	0.517
-35.604	0.52
-35.666	0.524
-35.698	0.527
-35.767	0.53
-35.843	0.533
-35.923	0.536
-36.001	0.539
-36.083	0.543
-36.117	0.546
-36.175	0.549
-36.269	0.552
-36.402	0.555
-36.463	0.558
-36.52	0.561
-36.573	0.565
-36.615	0.568
-36.654	0.571
-36.71	0.574
-36.806	0.577
-36.865	0.58
-36.913	0.584
-36.966	0.587
-37.046	0.59
-37.162	0.593
-37.227	0.596
-37.28	0.599
-37.359	0.602
-37.409	0.606
-37.447	0.609
-37.494	0.612
-37.575	0.615
-37.651	0.618
-37.73	0.621
-37.776	0.625
-37.817	0.628
-37.915	0.631
-38.016	0.634
-38.07	0.637
-38.116	0.64
-38.173	0.643
-38.241	0.647
-38.293	0.65
-38.367	0.653
-38.442	0.656
-38.497	0.659
-38.536	0.662
-38.579	0.666
-38.64	0.669
-38.699	0.672
-38.773	0.675
-38.819	0.678
-38.85	0.681
-38.899	0.684
-38.979	0.688
-39.016	0.691
-39.078	0.694
-39.179	0.697
-39.23	0.7
-39.27	0.703
-39.302	0.707
-39.385	0.71
-39.479	0.713
-39.58	0.716
-39.638	0.719
-39.7	0.722
-39.77	0.725
-39.817	0.729
-39.901	0.732
-39.984	0.735
-40.061	0.738
-40.122	0.741
-40.197	0.744
-40.258	0.748
-40.323	0.751
-40.41	0.754
-40.478	0.757
-40.632	0.76
-40.681	0.763
-40.728	0.766
-40.799	0.77
-40.876	0.773
-40.952	0.776
-41.015	0.779
-41.071	0.782
-41.133	0.785
-41.192	0.789
-41.241	0.792
-41.309	0.795
-41.39	0.798
-41.439	0.801
-41.478	0.804
-41.523	0.807
-41.579	0.811
-41.645	0.814
-41.716	0.817
-41.791	0.82
-41.856	0.823
-41.934	0.826
-41.975	0.83
-42.022	0.833
-42.115	0.836
-42.175	0.839
-42.238	0.842
-42.31	0.845
-42.39	0.848
-42.462	0.852
-42.576	0.855
-42.668	0.858
-42.746	0.861
-42.817	0.864
-42.861	0.867
-42.918	0.871
-42.971	0.874
-43.033	0.877
-43.098	0.88
-43.168	0.883
-43.219	0.886
-43.255	0.889
-43.336	0.893
-43.422	0.896
-43.52	0.899
-43.592	0.902
-43.644	0.905
-43.686	0.908
-43.739	0.912
-43.808	0.915
-43.856	0.918
-43.917	0.921
-43.948	0.924
-43.977	0.927
-44.052	0.93
-44.153	0.934
-44.217	0.937
-44.288	0.94
-44.36	0.943
-44.414	0.946
-44.466	0.949
-44.519	0.953
-44.605	0.956
-44.697	0.959
-44.749	0.962
-44.779	0.965
-44.831	0.968
-44.889	0.971
-44.967	0.975
-45.05	0.978
-45.098	0.981
-45.148	0.984
-45.199	0.987
-45.267	0.99
-45.344	0.994
-45.399	0.997
-45.472	1
-45.553	1.003
-45.599	1.006
-45.664	1.009
-45.744	1.013
-45.825	1.016
-45.87	1.019
-45.925	1.022
-45.999	1.025
-46.068	1.028
-46.134	1.031
-46.21	1.035
-46.283	1.038
-46.322	1.041
-46.393	1.044
-46.463	1.047
-46.515	1.05
-46.565	1.054
-46.621	1.057
-46.684	1.06
-46.76	1.063
-46.845	1.066
-46.932	1.069
-46.999	1.072
-47.076	1.076
-47.129	1.079
-47.198	1.082
-47.25	1.085
-47.315	1.088
-47.378	1.091
-47.431	1.095
-47.488	1.098
-47.522	1.101
-47.578	1.104
-47.644	1.107
-47.696	1.11
-47.766	1.113
-47.855	1.117
-47.934	1.12
-48.006	1.123
-48.09	1.126
-48.164	1.129
-48.261	1.132
-48.331	1.136
-48.398	1.139
-48.467	1.142
-48.595	1.145
-48.717	1.148
-48.785	1.151
-48.857	1.154
-48.923	1.158
-48.976	1.161
-49.044	1.164
-49.182	1.167
-49.273	1.17
-49.339	1.173
-49.414	1.177
-49.479	1.18
-49.512	1.183
-49.582	1.186
-49.629	1.189
-49.686	1.192
-49.724	1.195
-49.769	1.199
-49.834	1.202
-49.887	1.205
-49.938	1.208
-49.996	1.211
-50.042	1.214
-50.082	1.218
-50.138	1.221
-50.215	1.224
-50.287	1.227
-50.379	1.23
-50.417	1.233
-50.481	1.236
-50.588	1.24
-50.703	1.243
-50.778	1.246
-50.84	1.249
-50.952	1.252
-51.001	1.255
-51.061	1.259
-51.14	1.262
-51.226	1.265
-51.29	1.268
-51.361	1.271
-51.417	1.274
-51.484	1.277
-51.545	1.281
-51.58	1.284
-51.657	1.287
-51.74	1.29
-51.792	1.293
-51.858	1.296
-51.959	1.3
-52.023	1.303
-52.062	1.306
-52.103	1.309
-52.166	1.312
-52.243	1.315
-52.312	1.318
-52.371	1.322
-52.431	1.325
-52.506	1.328
-52.579	1.331
-52.627	1.334
-52.665	1.337
-52.732	1.341
-52.79	1.344
-52.89	1.347
-52.967	1.35
-53.068	1.353
-53.135	1.356
-53.214	1.359
-53.302	1.363
-53.393	1.366
-53.447	1.369
-53.51	1.372
-53.546	1.375
-53.573	1.378
-53.663	1.382
-53.758	1.385
-53.865	1.388
-53.916	1.391
-53.965	1.394
-54.029	1.397
-54.059	1.4
-54.178	1.404
-54.256	1.407
-54.358	1.41
-54.474	1.413
-54.614	1.416
-54.678	1.419
-54.75	1.423
-54.793	1.426
-54.851	1.429
-54.945	1.432
-55.034	1.435
-55.13	1.438
-55.193	1.441
-55.262	1.445
-55.319	1.448
-55.403	1.451
-55.543	1.454
-55.668	1.457
-55.741	1.46
-55.847	1.464
-55.985	1.467
-56.07	1.47
-56.201	1.473
-56.357	1.476
-56.464	1.479
-56.562	1.482
-56.653	1.486
-56.736	1.489
-56.827	1.492
-56.937	1.495
-57.018	1.498
-57.128	1.501
-57.278	1.505
-57.389	1.508
-57.504	1.511
-57.606	1.514
-57.719	1.517
-57.801	1.52
-57.841	1.523
-57.905	1.527
-58.003	1.53
-58.102	1.533
-58.169	1.536
-58.278	1.539
-58.325	1.542
-58.375	1.546
-58.478	1.549
-58.556	1.552
-58.636	1.555
-58.691	1.558
-58.947	1.561
-59.087	1.564
-59.177	1.568
-59.311	1.571
-59.416	1.574
-59.534	1.577
-59.616	1.58
-59.675	1.583
-59.731	1.587
-59.788	1.59
-59.894	1.593
-60.126	1.596
-60.208	1.599
-60.331	1.602
-60.485	1.605
-60.586	1.609
-60.64	1.612
-60.71	1.615
-60.898	1.618
-60.962	1.621
-61.06	1.624
-61.106	1.628
-61.244	1.631
-61.421	1.634
-61.614	1.637
-61.803	1.64
-61.921	1.643
-62.007	1.646
-62.11	1.65
-62.184	1.653
-62.309	1.656
-62.435	1.659
-62.651	1.662
-62.756	1.665
-62.816	1.669
-63.001	1.672
-63.221	1.675
-63.489	1.678
-63.637	1.681
-63.767	1.684
-63.825	1.688
-63.956	1.691
-64.109	1.694
-64.255	1.697
-64.402	1.7
-64.464	1.703
-64.6	1.706
-64.705	1.71
-64.779	1.713
-64.973	1.716
-65.257	1.719
-65.6	1.722
-65.849	1.725
-66.133	1.729
-66.423	1.732
-66.557	1.735
-66.722	1.738
-66.865	1.741
-66.899	1.744
-66.939	1.747
-67.037	1.751
-67.54	1.754
-67.821	1.757
-68.291	1.76
-68.275	1.763
-68.529	1.766
-69.382	1.77
-69.718	1.773
-69.858	1.776
-69.785	1.779
-69.808	1.782
-70.168	1.785
-70.838	1.788
-71.063	1.792
-71.485	1.795
-71.946	1.798
-73.037	1.801
-73.161	1.804
-72.971	1.807
-73.233	1.811
-73.702	1.814
-74.065	1.817
-73.494	1.82
-74.472	1.823
-74.559	1.826
-75.585	1.829
-78.051	1.833
-84.505	1.836
-90	1.839
-90	1.842
-90	1.845
-90	1.848
-90	1.852
-90	1.855
-90	1.858
-90	1.861
-90	1.864
-90	1.867
-90	1.87
-90	1.874
-90	1.877
-90	1.88
-90	1.883
-90	1.886
-90	1.889
-90	1.893
-90	1.896
-90	1.899
-90	1.902
-90	1.905
-90	1.908
-90	1.911
-90	1.915
-90	1.918
-90	1.921
-90	1.924
-90	1.927
-90	1.93
-90	1.934
-90	1.937
-90	1.94
-90	1.943
-90	1.946
-90	1.949
-90	1.952
-90	1.956
-90	1.959
-90	1.962
-90	1.965
-90	1.968
-90	1.971
-90	1.975
-90	1.978
-135	1.981

FFT 629 points
-21	20
-21	20
-21	21
-21	21
-21.2	22
-21	22
-21.2	22
-20.8	23
-20.3	23
-21.1	24
-21	25
-21.3	25
-21.4	26
-20.7	26
-21	27
-21.1	27
-21.1	28
-21.2	29
-20.9	29
-21.4	30
-21	31
-21.2	31
-21.2	32
-21.1	33
-21.2	33
-21.2	34
-21.2	35
-21.3	36
-21.3	37
-21.2	37
-21.1	38
-21.3	39
-21.3	40
-21.2	41
-21.4	42
-21.3	43
-21.4	44
-21.3	45
-21.4	46
-21.3	47
-21.4	48
-21.4	49
-21.4	50
-21.6	51
-21.6	52
-21.3	53
-21.5	54
-21.5	56
-21.1	57
-21.6	58
-21.6	59
-21.3	61
-21.4	62
-21.5	63
-21.3	65
-21.4	66
-21.5	68
-21.5	69
-21.5	71
-21.6	72
-21.5	74
-21.6	76
-21.4	77
-21.5	79
-21.6	81
-21.2	83
-21.8	84
-21.7	86
-21.1	88
-21.6	90
-21.6	92
-21.7	94
-21.5	96
-21.7	98
-21.6	101
-21.8	103
-21.7	105
-21.8	108
-21.6	110
-21.7	112
-21.8	115
-21.6	117
-21.2	120
-20.9	123
-21.9	126
-20.3	128
-20.9	131
-21.7	134
-21.9	137
-21.6	140
-21.7	143
-21.6	146
-21.9	150
-21.4	153
-21.4	156
-21.7	160
-21.7	164
-21.6	167
-21.5	171
-21.3	175
-21.1	179
-21	183
-20.9	187
-21	191
-20.7	195
-20.4	199
-20.4	204
-20.2	208
-20	213
-19.6	218
-19.5	223
-19.4	228
-19.1	233
-18.7	238
-18.3	243
-18.4	249
-18.3	254
-17.9	260
-18	266
-17.6	272
-17.6	278
-17.3	284
-17.2	290
-17.2	297
-17.2	303
-16.9	310
-16.7	317
-16.4	324
-16.8	331
-16.6	339
-16.3	346
-16.6	354
-16.1	362
-16.4	370
-16.3	378
-16	386
-16.2	395
-16.2	404
-16.2	413
-16.2	422
-16	431
-16.2	441
-15.8	451
-15.9	461
-15.7	471
-15.5	482
-14.8	492
-15.1	503
-15.4	515
-15.2	526
-15	538
-14.6	550
-14.6	562
-13.8	575
-13.7	587
-13.5	601
-13	614
-13.6	628
-13.2	642
-12.5	656
-12.7	671
-12	686
-11.9	701
-11.8	716
-11.5	732
-11.2	749
-10.5	765
-10.6	782
-10.4	800
-9.7	818
-9.5	836
-9.4	855
-9	874
-8.5	893
-8.2	913
-7.8	933
-7.7	954
-7.5	975
-7.3	997
-6.4	1019
-6.6	1042
-5.9	1065
-5.8	1089
-5.5	1113
-5	1138
-4.9	1164
-4.5	1190
-4.2	1216
-4.3	1243
-4	1271
-3.5	1299
-3.7	1328
-3.6	1358
-3.5	1388
-3.2	1419
-3.4	1451
-3.2	1483
-3	1516
-2.8	1550
-2.4	1584
-2.2	1620
-1.8	1656
-1.3	1693
-1.3	1731
-0.8	1769
-0.8	1809
-0.6	1849
-0.4	1890
-0.2	1932
-0.1	1975
0	2019
-0.4	2064
-0.8	2110
-1.6	2157
-2.4	2205
-3.1	2255
-3.8	2305
-4.1	2356
-4.7	2409
-4.9	2463
-4.9	2517
-4.9	2574
-4.9	2631
-5	2690
-5.2	2750
-5.4	2811
-5.6	2873
-6	2938
-6.3	3003
-6.9	3070
-7.6	3138
-8.3	3208
-9.1	3280
-9.9	3353
-10.6	3428
-11.3	3504
-12.1	3582
-12.5	3662
-12.5	3744
-12	3827
-11.1	3913
-10.1	4000
-8.8	4089
-7.5	4180
-6.5	4273
-5.9	4369
-5.6	4466
-5.6	4565
-6.1	4667
-7.1	4771
-8.3	4878
-9.7	4986
-11	5098
-10.7	5211
-8.8	5327
-7.7	5446
-7.5	5568
-8	5692
-9	5819
-10.8	5948
-14	6081
-14.3	6216
-9	6355
-5.8	6497
-3.7	6641
-2.6	6790
-2.8	6941
-4.3	7096
-6.3	7254
-8.4	7416
-10.9	7581
-14.1	7750
-17.9	7923
-21.3	8099
-21.3	8280
-20.6	8464
-20.3	8653
-19.9	8846
-20.7	9043
-23.9	9245
-22.8	9451
-22.5	9662
-21.4	9877
-21.3	10097
-21.9	10322
-20.5	10552
-19.6	10788
-17.3	11028
-15.8	11274
-14.5	11525
-14.2	11782
-14.5	12045
-14.4	12313
-13.8	12588
-14.9	12868
-18.3	13155
-21.1	13449
-19.7	13748
-17.8	14055
-16.4	14368
-17.4	14688
-20.5	15016
-22.4	15351
-24.1	15693
-24.1	16043
-24.1	16400
-24	16766
-24.6	17140
-26.2	17522
-30.4	17912
-33.4	18312
-30.7	18720
-26.3	19137
-25.3	19564
-25.3	19781
